Start read graph: /home/ildar/projects/GraphMatching/data/rg_erdos_renyi.txt
n = 1000000
Graph created
N = 1000000
E = 9.9999e+06
p = 1.99998e-05
THEOREM 1:
	n^(-1) << p <= n^(-5/6 - e) 	e = 0.001	[1/6 > e > 0]
	1e-06 << p <= 9.86279e-06 (FALSE)
pt = 1
ps = 1
r = 2
a_c = 1250.02: initial seed set.
------------------------------------
Generate G1
	generate subgraph
	V_count = 1000000
Generate G2
	generate subgraph
	V_count = 1000000
same = 1000000;  N * pt * pt = 1e+06
START algorithm time: Tue Dec  1 16:54:39 2015
0
Done with the seeds!
[498082, 498082] (12, 8)
[963039, 963039] (2, 21)
[723058, 723058] (12, 20)
[932042, 932042] (3, 4)
[756174, 756174] (4, 5)
[42708, 42708] (14, 2)
[335765, 335765] (11, 23)
[394590, 394590] (13, 2)
[679681, 679681] (14, 12)
[566690, 566690] (0, 0)
[794565, 794565] (13, 11)
[475851, 475851] (18, 21)
[54363, 54363] (2, 4)
[437615, 437615] (10, 5)
[789264, 789264] (10, 3)
[736714, 736714] (4, 17)
[543606, 543606] (9, 28)
[341726, 341726] (9, 16)
[328183, 328183] (7, 4)
[320973, 320973] (15, 3)
[11768, 11768] (22, 27)
[465911, 465911] (3, 5)
[726420, 726420] (14, 15)
[498467, 498467] (10, 12)
[258284, 258284] (20, 19)
[123417, 123417] (1, 3)
Correct: 8000 Wrong: 0
[575478, 575478] (2, 2)
[959083, 959083] (2, 14)
[215047, 215047] (3, 11)
[155092, 155092] (2, 17)
[870638, 870638] (6, 0)
[365310, 365310] (22, 17)
[869570, 869570] (17, 3)
[824912, 824912] (9, 0)
[663669, 663669] (27, 23)
[851361, 851361] (9, 3)
[876452, 876452] (8, 15)
[252414, 252414] (23, 15)
[761739, 761739] (22, 2)
[874837, 874837] (18, 0)
[272806, 272806] (17, 10)
correct: 9998
wrong: 3
[178034, 178034] (7, 4)
[165962, 165962] (14, 8)
[487721, 487721] (13, 8)
[923127, 923127] (9, 21)
[837049, 837049] (18, 1)
[421784, 421784] (11, 18)
[573646, 573646] (0, 6)
[332781, 332781] (21, 8)
[941445, 941445] (16, 31)
[747443, 747443] (13, 13)
[98706, 98706] (12, 9)
[917576, 917576] (8, 9)
[956192, 956192] (5, 21)
[630903, 630903] (6, 3)
[356397, 356397] (10, 4)
[341327, 341327] (2, 1)
[6488, 6488] (13, 16)
[628489, 628489] (18, 31)
Correct: 15997 Wrong: 3
[986906, 986906] (10, 6)
[548823, 548823] (13, 16)
[432073, 432073] (16, 10)
[190251, 190251] (11, 28)
[330741, 330741] (12, 2)
[501414, 501414] (11, 18)
[499868, 499868] (17, 8)
[952135, 952135] (17, 21)
[366198, 366198] (17, 11)
[118063, 118063] (7, 17)
[787267, 787267] (12, 2)
[767866, 767866] (9, 9)
[708824, 708824] (12, 9)
[120470, 120470] (23, 16)
[118992, 118992] (17, 11)
[536325, 536325] (3, 0)
[680561, 680561] (3, 13)
[254031, 254031] (10, 6)
[763829, 763829] (2, 7)
[59253, 59253] (4, 8)
[469477, 469477] (9, 22)
[237846, 237846] (12, 12)
[543885, 543885] (22, 10)
correct: 19998
wrong: 4
[337780, 337780] (19, 22)
[515463, 515463] (9, 28)
[229057, 229057] (7, 16)
[231554, 231554] (21, 2)
[280475, 280475] (9, 24)
[318810, 318810] (4, 21)
[312768, 312768] (15, 3)
[138856, 138856] (7, 23)
[217703, 217703] (5, 22)
[149525, 149525] (21, 28)
Correct: 23996 Wrong: 4
[886665, 886665] (15, 9)
[814821, 814821] (15, 4)
[12333, 12333] (20, 24)
[705547, 705547] (17, 1)
[2138, 2138] (11, 3)
[207162, 207162] (18, 21)
[757530, 757530] (26, 20)
[475338, 475338] (2, 19)
[310748, 310748] (14, 4)
[811322, 811322] (22, 22)
[735293, 735293] (17, 13)
[682523, 682523] (1, 6)
[85098, 85098] (1, 10)
[363698, 363698] (17, 14)
[772521, 772521] (11, 13)
[227498, 227498] (3, 24)
[176337, 176337] (26, 17)
[634253, 634253] (2, 4)
[321309, 321309] (16, 10)
[920525, 920525] (7, 3)
[853923, 853923] (3, 25)
[294186, 294186] (26, 31)
[914834, 914834] (21, 0)
[980470, 980470] (18, 4)
[484293, 484293] (6, 19)
[372717, 372717] (7, 7)
[875284, 875284] (20, 9)
[885150, 885150] (0, 6)
[775928, 775928] (3, 5)
correct: 29999
wrong: 4
[544456, 544456] (21, 19)
[531406, 531406] (18, 11)
Correct: 31996 Wrong: 4
[655887, 655887] (13, 15)
[336281, 336281] (0, 6)
[698796, 698796] (19, 14)
[130740, 130740] (5, 10)
[23479, 23479] (3, 4)
[175485, 175485] (6, 4)
[751647, 751647] (1, 12)
[597482, 597482] (1, 18)
[368861, 368861] (0, 8)
[997713, 997713] (0, 22)
[744442, 744442] (12, 11)
[976272, 976272] (15, 20)
[479919, 479919] (13, 16)
[850167, 850167] (20, 1)
[886264, 886264] (7, 20)
[52734, 52734] (8, 12)
[112218, 112218] (9, 13)
[779916, 779916] (6, 3)
[213992, 213992] (16, 9)
[138131, 138131] (1, 15)
[591666, 591666] (8, 18)
[749887, 749887] (14, 16)
[512701, 512701] (23, 1)
[985247, 985247] (20, 0)
[451293, 451293] (24, 19)
[27035, 27035] (7, 1)
[779545, 779545] (12, 8)
[215393, 215393] (17, 11)
[646236, 646236] (6, 2)
[765931, 765931] (33, 9)
[597934, 597934] (22, 16)
[502011, 502011] (12, 9)
Correct: 39996 Wrong: 4
[658517, 658517] (16, 16)
[778664, 778664] (4, 19)
[715514, 715514] (19, 17)
[179412, 179412] (19, 16)
[790409, 790409] (5, 22)
[930054, 930054] (4, 16)
correct: 40000
wrong: 4
[278300, 278300] (0, 9)
[201970, 201970] (17, 11)
[631080, 631080] (11, 29)
[462752, 462752] (16, 26)
[393431, 393431] (3, 10)
[356086, 356086] (2, 8)
[265010, 265010] (15, 16)
[393975, 393975] (10, 4)
[971866, 971866] (6, 25)
[115909, 115909] (16, 1)
[189969, 189969] (5, 16)
[377985, 377985] (10, 11)
[601219, 601219] (20, 4)
[526503, 526503] (18, 13)
[671356, 671356] (0, 23)
[665894, 665894] (9, 18)
[576928, 576928] (4, 25)
[970803, 970803] (8, 0)
[546427, 546427] (2, 5)
[626686, 626686] (0, 23)
[155391, 155391] (17, 23)
[529870, 529870] (1, 14)
[290063, 290063] (14, 16)
[216534, 216534] (5, 15)
[247928, 247928] (8, 16)
Correct: 47996 Wrong: 4
[212000, 212000] (10, 19)
[436268, 436268] (7, 28)
[496296, 496296] (19, 13)
[521895, 521895] (5, 23)
[774710, 774710] (1, 19)
[639996, 639996] (0, 5)
[101254, 101254] (28, 8)
[910103, 910103] (4, 22)
[211653, 211653] (12, 14)
[851108, 851108] (6, 16)
[337532, 337532] (23, 16)
[577422, 577422] (2, 1)
[782464, 782464] (21, 24)
correct: 50001
wrong: 4
[359316, 359316] (18, 25)
[578507, 578507] (20, 7)
[935112, 935112] (13, 23)
[445611, 445611] (4, 2)
[427482, 427482] (20, 21)
[216017, 216017] (6, 13)
[497750, 497750] (12, 9)
[547788, 547788] (17, 24)
[177694, 177694] (9, 18)
[687008, 687008] (2, 1)
[702431, 702431] (10, 19)
[578808, 578808] (6, 12)
[405769, 405769] (17, 20)
[670312, 670312] (14, 16)
[287178, 287178] (22, 14)
[369118, 369118] (18, 14)
[500930, 500930] (18, 3)
Correct: 55996 Wrong: 4
[935602, 935602] (8, 14)
[709199, 709199] (21, 20)
[789039, 789039] (27, 21)
[195310, 195310] (11, 6)
[587628, 587628] (13, 20)
[739550, 739550] (20, 16)
[453858, 453858] (18, 11)
[706148, 706148] (10, 14)
[408947, 408947] (8, 5)
[902070, 902070] (17, 23)
[989302, 989302] (7, 17)
[978309, 978309] (8, 8)
[754910, 754910] (14, 0)
[454531, 454531] (17, 10)
[712685, 712685] (2, 16)
[579140, 579140] (9, 14)
[881570, 881570] (0, 1)
[451633, 451633] (16, 6)
[551056, 551056] (2, 13)
[268774, 268774] (2, 20)
correct: 60002
wrong: 4
[485044, 485044] (16, 10)
[912957, 912957] (12, 20)
[955249, 955249] (8, 7)
[102320, 102320] (25, 25)
[596372, 596372] (23, 3)
[16128, 16128] (25, 29)
[391113, 391113] (14, 3)
[248983, 248983] (0, 3)
[58816, 58816] (14, 13)
[822041, 822041] (5, 1)
Correct: 63996 Wrong: 4
[401056, 401056] (8, 8)
[314329, 314329] (10, 18)
[739420, 739420] (3, 17)
[315110, 315110] (0, 14)
[861192, 861192] (1, 20)
[208191, 208191] (11, 21)
[587497, 587497] (3, 10)
[989851, 989851] (5, 4)
[115186, 115186] (11, 7)
[366984, 366984] (20, 17)
[128370, 128370] (9, 10)
[490418, 490418] (29, 12)
[927769, 927769] (7, 17)
[368021, 368021] (13, 0)
[774606, 774606] (5, 14)
[306096, 306096] (18, 9)
[293958, 293958] (12, 1)
[602202, 602202] (14, 4)
[48300, 48300] (1, 16)
[392892, 392892] (5, 23)
[250586, 250586] (11, 15)
[643312, 643312] (12, 14)
[913478, 913478] (4, 2)
[510628, 510628] (19, 19)
[345693, 345693] (18, 10)
[746453, 746453] (14, 21)
[329805, 329805] (16, 10)
correct: 70003
wrong: 4
[228277, 228277] (11, 5)
[370765, 370765] (8, 12)
Correct: 71996 Wrong: 4
[364964, 364964] (4, 10)
[440833, 440833] (17, 11)
[654591, 654591] (6, 10)
[369898, 369898] (5, 2)
[643229, 643229] (2, 13)
[32964, 32964] (15, 13)
[834946, 834946] (10, 6)
[271422, 271422] (3, 25)
[467967, 467967] (22, 10)
[937715, 937715] (19, 11)
[104721, 104721] (2, 1)
[285304, 285304] (2, 9)
[85387, 85387] (1, 7)
[465757, 465757] (9, 9)
[380529, 380529] (16, 11)
[279500, 279500] (20, 4)
[230523, 230523] (20, 4)
[470108, 470108] (8, 22)
[675954, 675954] (1, 21)
[655052, 655052] (12, 13)
[691059, 691059] (6, 15)
[315782, 315782] (22, 27)
[932333, 932333] (3, 9)
[549395, 549395] (4, 18)
[614687, 614687] (18, 16)
[849033, 849033] (6, 14)
[426434, 426434] (16, 18)
[773848, 773848] (10, 2)
[537589, 537589] (10, 10)
Correct: 79996 Wrong: 4
[667857, 667857] (18, 17)
[139359, 139359] (9, 14)
[921694, 921694] (8, 4)
[286485, 286485] (1, 9)
[476395, 476395] (22, 18)
correct: 80004
wrong: 4
[286085, 286085] (22, 18)
[526079, 526079] (19, 2)
[642017, 642017] (11, 14)
[124379, 124379] (24, 8)
[458563, 458563] (17, 15)
[943678, 943678] (1, 0)
[265656, 265656] (20, 21)
[971007, 971007] (10, 9)
[384588, 384588] (0, 21)
[559799, 559799] (0, 4)
[196408, 196408] (3, 18)
[505270, 505270] (22, 7)
[88130, 88130] (22, 11)
[805209, 805209] (16, 6)
[198679, 198679] (0, 18)
[694731, 694731] (20, 14)
[237333, 237333] (2, 21)
[531455, 531455] (18, 4)
[293845, 293845] (23, 10)
[85525, 85525] (12, 13)
[243880, 243880] (2, 8)
[277405, 277405] (18, 13)
[603691, 603691] (22, 7)
Correct: 87996 Wrong: 4
[394208, 394208] (19, 16)
[187538, 187538] (7, 11)
[131760, 131760] (3, 1)
[516401, 516401] (24, 14)
[238726, 238726] (20, 8)
[360945, 360945] (11, 22)
[277374, 277374] (6, 6)
[332334, 332334] (19, 3)
[828880, 828880] (10, 15)
[656786, 656786] (0, 8)
[600972, 600972] (20, 23)
[710359, 710359] (20, 11)
[132646, 132646] (19, 16)
correct: 90005
wrong: 4
[568751, 568751] (7, 0)
[198791, 198791] (13, 19)
[538155, 538155] (1, 18)
[608973, 608973] (0, 8)
[41875, 41875] (14, 25)
[782299, 782299] (28, 21)
[712235, 712235] (10, 8)
[312585, 312585] (3, 19)
[662525, 662525] (24, 24)
[353153, 353153] (27, 8)
[350921, 350921] (12, 19)
[159247, 159247] (26, 3)
[490824, 490824] (11, 0)
[936243, 936243] (13, 16)
[819456, 819456] (20, 24)
Correct: 95996 Wrong: 4
[634034, 634034] (12, 21)
[835950, 835950] (14, 22)
[8638, 8638] (6, 23)
[793672, 793672] (1, 10)
[660117, 660117] (15, 12)
[813654, 813654] (8, 7)
[788763, 788763] (21, 17)
[287631, 287631] (15, 7)
[710895, 710895] (11, 14)
[33385, 33385] (2, 0)
[715508, 715508] (3, 11)
[472582, 472582] (4, 15)
[974664, 974664] (2, 11)
[568504, 568504] (20, 8)
[367143, 367143] (21, 19)
[688701, 688701] (14, 3)
[374370, 374370] (17, 16)
[809543, 809543] (13, 8)
[478567, 478567] (2, 11)
correct: 100006
wrong: 4
[40700, 40700] (19, 14)
[278397, 278397] (4, 9)
[130052, 130052] (6, 21)
[14276, 14276] (9, 6)
[467664, 467664] (19, 17)
[467710, 467710] (13, 15)
[191948, 191948] (6, 6)
[484444, 484444] (3, 16)
[393748, 393748] (12, 12)
Correct: 103996 Wrong: 4
[987509, 987509] (7, 26)
[498851, 498851] (4, 16)
[320999, 320999] (12, 13)
[162627, 162627] (12, 7)
[677466, 677466] (17, 2)
[577582, 577582] (8, 20)
[77732, 77732] (14, 5)
[202785, 202785] (24, 9)
[16003, 16003] (11, 12)
[138081, 138081] (13, 3)
[425567, 425567] (23, 4)
[677245, 677245] (16, 6)
[321948, 321948] (9, 19)
[551616, 551616] (15, 2)
[316017, 316017] (11, 19)
[912395, 912395] (15, 18)
[282458, 282458] (0, 0)
[75027, 75027] (27, 23)
[815906, 815906] (19, 14)
[570333, 570333] (13, 29)
[259995, 259995] (14, 8)
[122823, 122823] (25, 20)
[298868, 298868] (9, 25)
[884864, 884864] (11, 17)
[370052, 370052] (22, 19)
correct: 110007
wrong: 4
[826191, 826191] (0, 6)
[951706, 951706] (9, 16)
Correct: 111996 Wrong: 4
[546634, 546634] (0, 17)
[125487, 125487] (1, 13)
[615051, 615051] (17, 3)
[754811, 754811] (12, 11)
[374735, 374735] (9, 10)
[715941, 715941] (8, 3)
[968690, 968690] (26, 29)
[975178, 975178] (12, 19)
[684311, 684311] (21, 5)
[637484, 637484] (14, 2)
[89972, 89972] (16, 10)
[944115, 944115] (18, 27)
[101233, 101233] (27, 1)
[477787, 477787] (5, 9)
[461967, 461967] (7, 10)
[919874, 919874] (8, 19)
[246630, 246630] (24, 13)
[731815, 731815] (1, 24)
[873771, 873771] (5, 3)
[905723, 905723] (6, 21)
[876221, 876221] (11, 12)
[978292, 978292] (16, 3)
[879783, 879783] (5, 19)
[839984, 839984] (7, 14)
[24636, 24636] (15, 22)
[971835, 971835] (12, 11)
Correct: 119996 Wrong: 4
[706347, 706347] (4, 3)
[955383, 955383] (14, 24)
[736109, 736109] (2, 8)
[771348, 771348] (0, 4)
[160039, 160039] (14, 14)
correct: 120008
wrong: 4
[880938, 880938] (6, 16)
[467482, 467482] (10, 15)
[204055, 204055] (25, 10)
[187961, 187961] (14, 9)
[466537, 466537] (24, 6)
[575491, 575491] (17, 27)
[170011, 170011] (0, 8)
[920835, 920835] (28, 27)
[423614, 423614] (8, 12)
[628223, 628223] (12, 15)
[462765, 462765] (9, 2)
[611376, 611376] (8, 20)
[602002, 602002] (9, 7)
[94499, 94499] (16, 14)
[756911, 756911] (10, 5)
[242212, 242212] (23, 28)
[872386, 872386] (23, 2)
[109088, 109088] (2, 26)
[152331, 152331] (5, 4)
[927578, 927578] (9, 11)
[231451, 231451] (8, 10)
Correct: 127996 Wrong: 4
[577057, 577057] (2, 5)
[356196, 356196] (11, 2)
[629067, 629067] (20, 11)
[161745, 161745] (2, 6)
[840099, 840099] (16, 6)
[189300, 189300] (3, 12)
[891830, 891830] (6, 14)
[476589, 476589] (19, 12)
[956491, 956491] (10, 7)
[486861, 486861] (11, 6)
[284699, 284699] (13, 6)
correct: 130009
wrong: 4
[174813, 174813] (20, 11)
[156229, 156229] (4, 1)
[813487, 813487] (13, 23)
[266402, 266402] (14, 9)
[392392, 392392] (1, 8)
[220240, 220240] (12, 0)
[327870, 327870] (23, 13)
[136153, 136153] (4, 2)
[183024, 183024] (17, 6)
[36300, 36300] (27, 14)
[152317, 152317] (21, 16)
[88630, 88630] (12, 9)
[130640, 130640] (18, 0)
[366790, 366790] (22, 20)
Correct: 135996 Wrong: 4
[126037, 126037] (10, 19)
[22971, 22971] (22, 28)
[184701, 184701] (13, 22)
[683043, 683043] (13, 20)
[321631, 321631] (11, 3)
[419649, 419649] (7, 23)
[515982, 515982] (7, 12)
[658380, 658380] (22, 12)
[343129, 343129] (21, 9)
[652290, 652290] (8, 13)
[289866, 289866] (9, 7)
[753276, 753276] (13, 13)
[702142, 702142] (9, 25)
[971245, 971245] (15, 6)
[824634, 824634] (1, 0)
[623393, 623393] (17, 16)
[804411, 804411] (13, 14)
[297319, 297319] (4, 18)
correct: 140010
wrong: 4
[588119, 588119] (5, 13)
[918519, 918519] (20, 11)
[568495, 568495] (4, 13)
[796221, 796221] (6, 3)
[171550, 171550] (25, 16)
[313562, 313562] (14, 0)
[893508, 893508] (18, 14)
[492679, 492679] (20, 22)
Correct: 143996 Wrong: 4
[83322, 83322] (14, 21)
[44741, 44741] (5, 11)
[477435, 477435] (4, 14)
[788116, 788116] (8, 17)
[268697, 268697] (0, 6)
[635283, 635283] (23, 5)
[942954, 942954] (16, 18)
[699619, 699619] (11, 31)
[592995, 592995] (11, 6)
[317666, 317666] (10, 21)
[856142, 856142] (11, 8)
[161211, 161211] (18, 17)
[695787, 695787] (12, 4)
[889951, 889951] (31, 22)
[49754, 49754] (2, 3)
[90613, 90613] (27, 21)
[22813, 22813] (8, 15)
[295054, 295054] (6, 21)
[582185, 582185] (10, 10)
[222378, 222378] (0, 13)
[130440, 130440] (0, 8)
[695131, 695131] (10, 5)
[810785, 810785] (12, 8)
correct: 150011
wrong: 4
[888270, 888270] (17, 18)
Correct: 151996 Wrong: 4
[18600, 18600] (13, 12)
[765839, 765839] (7, 2)
[354869, 354869] (9, 23)
[803267, 803267] (2, 5)
[89573, 89573] (2, 2)
[820917, 820917] (22, 13)
[835541, 835541] (6, 7)
[555313, 555313] (21, 26)
[298484, 298484] (5, 5)
[294179, 294179] (11, 14)
[574660, 574660] (23, 13)
[280139, 280139] (17, 11)
[380478, 380478] (9, 0)
[36393, 36393] (20, 16)
[778175, 778175] (2, 11)
[959314, 959314] (9, 5)
[13714, 13714] (12, 2)
[469100, 469100] (1, 12)
[67953, 67953] (16, 9)
[99838, 99838] (21, 6)
[16531, 16531] (8, 5)
[871648, 871648] (1, 1)
[999508, 999508] (14, 14)
[760648, 760648] (25, 28)
[170123, 170123] (12, 16)
Correct: 159996 Wrong: 4
[664223, 664223] (10, 11)
[874697, 874697] (24, 23)
[845857, 845857] (1, 10)
[321509, 321509] (12, 3)
correct: 160012
wrong: 4
[773458, 773458] (1, 2)
[86803, 86803] (27, 4)
[337841, 337841] (20, 18)
[625122, 625122] (7, 3)
[422513, 422513] (2, 10)
[557984, 557984] (17, 0)
[606841, 606841] (6, 7)
[905899, 905899] (8, 6)
[629647, 629647] (3, 1)
[116293, 116293] (21, 9)
[72716, 72716] (2, 4)
[173676, 173676] (6, 6)
[839336, 839336] (9, 9)
[838588, 838588] (9, 1)
[898136, 898136] (11, 19)
[208213, 208213] (16, 4)
[231034, 231034] (8, 18)
[180959, 180959] (6, 21)
[908169, 908169] (16, 1)
Correct: 167996 Wrong: 4
[985272, 985272] (25, 28)
[36512, 36512] (13, 8)
[336957, 336957] (23, 20)
[947966, 947966] (4, 30)
[204734, 204734] (23, 1)
[33360, 33360] (22, 12)
[192715, 192715] (11, 3)
[397150, 397150] (4, 2)
[781932, 781932] (18, 13)
[498717, 498717] (25, 6)
[965098, 965098] (3, 9)
correct: 170013
wrong: 4
[266959, 266959] (17, 18)
[772124, 772124] (19, 3)
[684396, 684396] (8, 17)
[227924, 227924] (9, 14)
[328785, 328785] (15, 9)
[167225, 167225] (21, 18)
[615667, 615667] (13, 7)
[192289, 192289] (14, 11)
[593787, 593787] (14, 6)
[815014, 815014] (8, 11)
[471271, 471271] (23, 12)
[304111, 304111] (7, 16)
[744000, 744000] (12, 15)
Correct: 175996 Wrong: 4
[473956, 473956] (23, 7)
[639304, 639304] (12, 5)
[10541, 10541] (12, 3)
[349053, 349053] (8, 26)
[637321, 637321] (4, 16)
[986139, 986139] (11, 7)
[208597, 208597] (10, 5)
[937199, 937199] (17, 7)
[489745, 489745] (9, 11)
[984493, 984493] (15, 13)
[328750, 328750] (10, 12)
[456642, 456642] (0, 16)
[194463, 194463] (18, 11)
[505231, 505231] (19, 11)
[239832, 239832] (11, 11)
correct: 180014
wrong: 4
[106133, 106133] (9, 5)
[697634, 697634] (7, 12)
[65446, 65446] (18, 6)
[596431, 596431] (5, 19)
[138544, 138544] (23, 6)
[353533, 353533] (1, 8)
[705326, 705326] (0, 14)
Correct: 183996 Wrong: 4
[214339, 214339] (6, 21)
[272308, 272308] (7, 2)
[188500, 188500] (16, 15)
[919127, 919127] (13, 14)
[921908, 921908] (23, 14)
[815028, 815028] (12, 7)
[242977, 242977] (26, 14)
[74066, 74066] (13, 7)
[410381, 410381] (19, 12)
[519910, 519910] (0, 21)
[640488, 640488] (5, 20)
[88118, 88118] (16, 17)
[235945, 235945] (9, 9)
[35484, 35484] (11, 4)
[47315, 47315] (26, 14)
[148391, 148391] (22, 22)
[50253, 50253] (19, 20)
[372193, 372193] (22, 11)
[84250, 84250] (20, 12)
[614851, 614851] (6, 3)
[714401, 714401] (11, 9)
correct: 190015
wrong: 4
[8380, 8380] (11, 2)
[254276, 254276] (1, 4)
Correct: 191996 Wrong: 4
[704601, 704601] (4, 17)
[88109, 88109] (8, 10)
[920443, 920443] (12, 21)
[390787, 390787] (6, 0)
[835563, 835563] (18, 22)
[139454, 139454] (0, 18)
[21036, 21036] (9, 16)
[522525, 522525] (12, 11)
[153972, 153972] (1, 6)
[808037, 808037] (9, 19)
[471275, 471275] (3, 29)
[740323, 740323] (14, 8)
[472562, 472562] (4, 12)
[735760, 735760] (8, 9)
[564845, 564845] (21, 5)
[749679, 749679] (11, 12)
[950735, 950735] (19, 13)
[347877, 347877] (8, 7)
[193503, 193503] (5, 2)
[971275, 971275] (8, 6)
[562370, 562370] (9, 15)
[716799, 716799] (28, 13)
Correct: 199996 Wrong: 4
[949435, 949435] (18, 10)
[779960, 779960] (13, 0)
[98975, 98975] (22, 10)
[706705, 706705] (21, 13)
correct: 200016
wrong: 4
[453483, 453483] (3, 8)
[785590, 785590] (2, 7)
[637163, 637163] (17, 18)
[694792, 694792] (5, 22)
[586008, 586008] (5, 17)
[428820, 428820] (23, 5)
[678464, 678464] (1, 5)
[774572, 774572] (12, 11)
[89523, 89523] (8, 2)
[436040, 436040] (7, 13)
[407069, 407069] (6, 6)
[385459, 385459] (12, 0)
[363710, 363710] (10, 15)
[655477, 655477] (9, 8)
[370299, 370299] (6, 15)
[76092, 76092] (17, 20)
[670684, 670684] (16, 8)
Correct: 207996 Wrong: 4
[150819, 150819] (20, 4)
[169181, 169181] (9, 6)
[411887, 411887] (13, 2)
[389880, 389880] (9, 13)
[437448, 437448] (6, 16)
[518126, 518126] (17, 10)
[810650, 810650] (14, 10)
[331767, 331767] (30, 33)
[88873, 88873] (14, 10)
[934072, 934072] (14, 9)
correct: 210017
wrong: 4
[524850, 524850] (10, 18)
[522293, 522293] (5, 13)
[889965, 889965] (16, 7)
[894278, 894278] (21, 14)
[622197, 622197] (17, 24)
[422020, 422020] (18, 11)
[269204, 269204] (22, 29)
[971935, 971935] (7, 3)
[805839, 805839] (4, 23)
[182293, 182293] (15, 6)
[377335, 377335] (1, 10)
[411441, 411441] (25, 12)
Correct: 215996 Wrong: 4
[882283, 882283] (15, 20)
[751608, 751608] (8, 9)
[73004, 73004] (4, 23)
[247388, 247388] (3, 33)
[684094, 684094] (5, 18)
[757595, 757595] (16, 9)
[475462, 475462] (2, 11)
[935246, 935246] (23, 12)
[457423, 457423] (16, 1)
[390156, 390156] (10, 1)
[433380, 433380] (2, 6)
[828068, 828068] (9, 23)
[884079, 884079] (18, 16)
[104142, 104142] (4, 18)
correct: 220018
wrong: 4
[638881, 638881] (16, 9)
[833511, 833511] (27, 13)
[214141, 214141] (11, 17)
[603611, 603611] (8, 13)
[472651, 472651] (5, 12)
[248233, 248233] (10, 3)
Correct: 223996 Wrong: 4
[638375, 638375] (24, 12)
[220773, 220773] (14, 6)
[264113, 264113] (6, 18)
[470066, 470066] (17, 11)
[643181, 643181] (20, 15)
[562014, 562014] (4, 7)
[383902, 383902] (23, 10)
[549363, 549363] (1, 19)
[754497, 754497] (4, 23)
[168436, 168436] (4, 9)
[159192, 159192] (9, 2)
[135994, 135994] (2, 2)
[426292, 426292] (1, 1)
[703814, 703814] (6, 4)
[824939, 824939] (12, 15)
[285514, 285514] (16, 10)
[728429, 728429] (25, 1)
[583955, 583955] (3, 3)
[704028, 704028] (12, 2)
correct: 230019
wrong: 4
[477307, 477307] (20, 14)
[734756, 734756] (19, 18)
Correct: 231996 Wrong: 4
[372460, 372460] (6, 10)
[592282, 592282] (19, 11)
[361602, 361602] (22, 8)
[623084, 623084] (1, 10)
[41671, 41671] (16, 23)
[323331, 323331] (6, 1)
[206234, 206234] (9, 13)
[383111, 383111] (17, 23)
[260545, 260545] (6, 12)
[785778, 785778] (18, 19)
[847085, 847085] (5, 6)
[889914, 889914] (12, 21)
[936712, 936712] (15, 10)
[352115, 352115] (12, 12)
[219845, 219845] (0, 21)
[108043, 108043] (6, 10)
[260796, 260796] (0, 2)
[555463, 555463] (12, 3)
[183355, 183355] (3, 12)
[923399, 923399] (23, 17)
Correct: 239996 Wrong: 4
[435119, 435119] (4, 15)
[255980, 255980] (17, 17)
[241255, 241255] (22, 11)
correct: 240020
wrong: 4
[153558, 153558] (10, 14)
[784868, 784868] (19, 20)
[380154, 380154] (5, 29)
[620423, 620423] (3, 13)
[197367, 197367] (5, 11)
[954273, 954273] (16, 12)
[814113, 814113] (15, 12)
[339887, 339887] (16, 23)
[991126, 991126] (16, 3)
[870419, 870419] (8, 21)
[687063, 687063] (4, 8)
[670233, 670233] (3, 18)
[780598, 780598] (4, 2)
[264901, 264901] (12, 0)
[446232, 446232] (2, 9)
[881585, 881585] (20, 2)
Correct: 247996 Wrong: 4
[881088, 881088] (5, 19)
[688815, 688815] (8, 8)
[863357, 863357] (6, 18)
[958033, 958033] (15, 20)
[162919, 162919] (30, 5)
[378129, 378129] (23, 10)
[955855, 955855] (12, 0)
[37118, 37118] (23, 25)
correct: 250021
wrong: 4
[492890, 492890] (3, 13)
[683234, 683234] (7, 0)
[345264, 345264] (10, 11)
[623164, 623164] (6, 12)
[329769, 329769] (12, 19)
[112028, 112028] (16, 9)
[928236, 928236] (7, 8)
[101246, 101246] (13, 4)
[795563, 795563] (1, 22)
[660081, 660081] (11, 15)
[626883, 626883] (13, 4)
Correct: 255996 Wrong: 4
[855031, 855031] (15, 6)
[154479, 154479] (20, 23)
[214325, 214325] (0, 7)
[109916, 109916] (13, 11)
[919023, 919023] (13, 17)
[402725, 402725] (1, 24)
[519056, 519056] (1, 1)
[294902, 294902] (17, 17)
[543592, 543592] (7, 6)
[355907, 355907] (10, 15)
[119026, 119026] (17, 0)
[44638, 44638] (14, 15)
[422057, 422057] (13, 6)
correct: 260022
wrong: 4
[689808, 689808] (5, 17)
[829291, 829291] (28, 6)
[550964, 550964] (17, 10)
[902094, 902094] (0, 18)
[239698, 239698] (24, 9)
[381291, 381291] (18, 15)
Correct: 263996 Wrong: 4
[349111, 349111] (14, 17)
[757526, 757526] (6, 8)
[517627, 517627] (24, 5)
[513551, 513551] (13, 10)
[226294, 226294] (0, 2)
[730629, 730629] (3, 1)
[732604, 732604] (15, 24)
[271269, 271269] (6, 11)
[154103, 154103] (1, 2)
[690986, 690986] (17, 8)
[316933, 316933] (9, 2)
[222127, 222127] (17, 22)
[237179, 237179] (18, 3)
[819167, 819167] (17, 5)
[337679, 337679] (9, 23)
[619833, 619833] (4, 8)
[180901, 180901] (28, 28)
correct: 270023
wrong: 4
[966400, 966400] (5, 18)
Correct: 271996 Wrong: 4
[500975, 500975] (4, 15)
[636983, 636983] (24, 15)
[40448, 40448] (10, 11)
[48864, 48864] (21, 19)
[830230, 830230] (14, 8)
[711995, 711995] (16, 13)
[754038, 754038] (7, 11)
[385213, 385213] (2, 6)
[785323, 785323] (14, 4)
[65572, 65572] (9, 8)
[993796, 993796] (13, 12)
[515088, 515088] (13, 1)
[927253, 927253] (1, 0)
[28265, 28265] (5, 10)
[280735, 280735] (16, 0)
[331973, 331973] (17, 1)
[88033, 88033] (5, 1)
[162434, 162434] (4, 5)
Correct: 279996 Wrong: 4
[791281, 791281] (19, 0)
[841411, 841411] (8, 16)
[514937, 514937] (3, 1)
correct: 280024
wrong: 4
[626366, 626366] (10, 7)
[868223, 868223] (26, 2)
[210919, 210919] (21, 7)
[61087, 61087] (26, 13)
[246081, 246081] (13, 3)
[681518, 681518] (20, 20)
[485441, 485441] (6, 16)
[227804, 227804] (6, 19)
[311222, 311222] (7, 10)
[660257, 660257] (17, 15)
[51840, 51840] (10, 12)
[167558, 167558] (15, 9)
[993107, 993107] (20, 5)
[967195, 967195] (0, 7)
Correct: 287996 Wrong: 4
[923268, 923268] (20, 2)
[768009, 768009] (18, 5)
[810806, 810806] (9, 29)
[202441, 202441] (10, 19)
[730067, 730067] (18, 11)
