Start read graph
n = 1000000
Graph created
N = 1000000
E = 2.99999e+06
p = 5.99999e-06
THEOREM 1:
	n^(-1) << p <= n^(-5/6 - e) 	e = 0.001	[1/6 > e > 0]
	1e-06 << p <= 9.86279e-06 (OK)
pt = 1
ps = 1
r = 2
a_c = 13888.9: initial seed set.
------------------------------------
Generate G1
	generate subgraph
	V_count = 1000000
Generate G2
	generate subgraph
	V_count = 1000000
same = 1000000;  N * pt * pt = 1e+06
0
Done with the seeds!
[4, 4] (32, 1884)
[4, 4] (68, 1265)
[4, 4] (104, 646)
[4, 4] (140, 27)
[4, 4] (175, 2205)
[4, 4] (211, 1584)
[4, 4] (247, 965)
[4, 4] (283, 346)
[4, 4] (318, 2524)
[4, 4] (354, 1903)
[4, 4] (390, 1284)
[4, 4] (426, 665)
[4, 4] (462, 46)
[4, 4] (497, 2224)
[4, 4] (533, 1603)
[4, 4] (569, 984)
[4, 4] (605, 365)
[4, 4] (641, 2543)
[4, 4] (677, 1922)
[4, 4] (713, 1303)
[4, 4] (749, 684)
[4, 4] (785, 65)
[4, 4] (820, 2243)
[4, 4] (856, 1622)
[4, 4] (892, 1003)
[4, 4] (928, 384)
[4, 4] (963, 2562)
[4, 4] (999, 1941)
[4, 4] (1035, 1322)
[4, 4] (1071, 703)
[4, 4] (1107, 84)
[4, 4] (1142, 2262)
[4, 4] (1178, 1641)
[4, 4] (1214, 1022)
[4, 4] (1250, 403)
[4, 4] (1285, 2581)
[4, 4] (1321, 1960)
[4, 4] (1357, 1341)
[4, 4] (1393, 722)
[4, 4] (1429, 103)
[4, 4] (1464, 2281)
[4, 4] (1500, 1660)
[4, 4] (1536, 1041)
[4, 4] (1572, 422)
[4, 4] (1607, 2600)
[4, 4] (1643, 1979)
[4, 4] (1679, 1360)
[4, 4] (1715, 741)
[4, 4] (1751, 122)
[4, 4] (1786, 2300)
[4, 4] (1822, 1679)
[4, 4] (1858, 1060)
[4, 4] (1894, 441)
[4, 4] (1929, 2619)
[4, 4] (1965, 1998)
[4, 4] (2001, 1379)
[4, 4] (2037, 760)
[4, 4] (2073, 141)
[4, 4] (2108, 2319)
[4, 4] (2144, 1698)
[4, 4] (2180, 1079)
[4, 4] (2216, 460)
[4, 4] (2251, 2638)
[4, 4] (2287, 2017)
[4, 4] (2323, 1398)
[4, 4] (2359, 779)
[4, 4] (2395, 160)
[4, 4] (2430, 2338)
[4, 4] (2466, 1717)
[4, 4] (2502, 1098)
[4, 4] (2538, 479)
[4, 4] (2573, 2657)
[4, 4] (2609, 2036)
[4, 4] (2645, 1417)
[4, 4] (2681, 798)
[4, 4] (2717, 179)
[4, 4] (2752, 2357)
[4, 4] (2789, 1736)
[14, 14] (44, 249)
[14, 14] (99, 1361)
[14, 14] (155, 673)
[14, 14] (210, 1786)
[14, 14] (266, 1098)
[14, 14] (322, 410)
[14, 14] (377, 1523)
[14, 14] (433, 835)
[14, 14] (489, 147)
[14, 14] (544, 1259)
[14, 14] (601, 571)
[14, 14] (656, 1684)
[14, 14] (712, 996)
[14, 14] (768, 308)
[14, 14] (823, 1421)
[14, 14] (879, 733)
[14, 14] (935, 45)
[14, 14] (991, 1157)
[14, 14] (1047, 469)
[14, 14] (1102, 1582)
[14, 14] (1158, 894)
[14, 14] (1214, 206)
[14, 14] (1269, 1318)
[14, 14] (1325, 630)
[14, 14] (1380, 1743)
[14, 14] (1436, 1055)
[14, 14] (1492, 367)
[14, 14] (1547, 1480)
[14, 14] (1603, 792)
[14, 14] (1659, 104)
[14, 14] (1714, 1216)
[14, 14] (1770, 528)
[25, 25] (64, 383)
[25, 25] (203, 24)
[25, 25] (341, 391)
[25, 25] (481, 32)
[25, 25] (621, 399)
[33, 33] (17, 275)
[33, 33] (178, 276)
[33, 33] (338, 277)
[33, 33] (499, 278)
[429, 429] (81, 69)
[47, 47] (77, 245)
[47, 47] (173, 21)
[47, 47] (268, 844)
[47, 47] (364, 621)
[47, 47] (460, 397)
[47, 47] (556, 173)
[47, 47] (652, 996)
[47, 47] (748, 773)
[47, 47] (844, 549)
[47, 47] (940, 326)
[47, 47] (1037, 102)
[95, 95] (192, 437)
[95, 95] (406, 285)
[963, 963] (133, 151)
[44, 44] (136, 288)
[44, 44] (322, 204)
[44, 44] (507, 119)
[5, 5] (40, 1065)
[5, 5] (91, 288)
[5, 5] (141, 1492)
[5, 5] (192, 715)
[5, 5] (242, 1918)
[5, 5] (293, 1142)
[5, 5] (344, 365)
[5, 5] (394, 1569)
[5, 5] (445, 792)
[5, 5] (498, 16)
[5, 5] (548, 1219)
[5, 5] (599, 442)
[5, 5] (649, 1646)
[5, 5] (700, 870)
[5, 5] (751, 93)
[5, 5] (801, 1296)
[5, 5] (852, 519)
[5, 5] (902, 1723)
[5, 5] (953, 947)
[5, 5] (1004, 170)
[5, 5] (1054, 1373)
[5, 5] (1105, 596)
[5, 5] (1155, 1800)
[5, 5] (1206, 1024)
[5, 5] (1257, 247)
[5, 5] (1307, 1451)
[5, 5] (1358, 674)
[5, 5] (1408, 1877)
[5, 5] (1459, 1101)
[5, 5] (1510, 324)
[5, 5] (1561, 1528)
[5, 5] (1612, 751)
[5, 5] (1662, 1954)
[5, 5] (1713, 1178)
[5, 5] (1764, 401)
[5, 5] (1814, 1605)
[5, 5] (1865, 829)
[5, 5] (1916, 52)
[5, 5] (1966, 1255)
[107, 107] (248, 44)
[30, 30] (67, 404)
[30, 30] (148, 1100)
[30, 30] (230, 569)
[30, 30] (312, 36)
[30, 30] (393, 733)
[30, 30] (475, 200)
[30, 30] (556, 897)
[30, 30] (638, 365)
[30, 30] (720, 1061)
[30, 30] (802, 530)
[30, 30] (883, 1225)
[30, 30] (965, 694)
[30, 30] (1047, 161)
[30, 30] (1129, 858)
[30, 30] (1211, 326)
[22, 22] (5, 929)
[22, 22] (81, 990)
[22, 22] (158, 1051)
[22, 22] (234, 1112)
[22, 22] (311, 1173)
[22, 22] (387, 1234)
[22, 22] (463, 1295)
[22, 22] (540, 39)
[22, 22] (616, 100)
[22, 22] (692, 161)
[22, 22] (768, 222)
[22, 22] (844, 283)
[22, 22] (921, 344)
[22, 22] (997, 405)
[22, 22] (1073, 466)
[22, 22] (1149, 527)
[22, 22] (1225, 588)
[22, 22] (1301, 650)
[28, 28] (188, 129)
[73, 73] (9, 253)
[73, 73] (282, 255)
[36, 36] (102, 654)
[36, 36] (254, 181)
[36, 36] (405, 371)
[36, 36] (558, 562)
[541, 541] (78, 99)
[2, 2] (66, 300)
[2, 2] (147, 862)
[2, 2] (228, 179)
[2, 2] (308, 740)
[2, 2] (389, 57)
[2, 2] (469, 619)
[2, 2] (549, 1181)
[2, 2] (630, 498)
[2, 2] (710, 1060)
[2, 2] (793, 377)
[2, 2] (873, 939)
[2, 2] (954, 256)
[2, 2] (1034, 818)
[2, 2] (1115, 135)
[2, 2] (1195, 696)
[8, 8] (41, 75)
[8, 8] (151, 196)
[8, 8] (261, 317)
[8, 8] (371, 439)
[8, 8] (481, 561)
[8, 8] (591, 683)
[8, 8] (703, 804)
[8, 8] (815, 14)
[3, 3] (7, 30)
[3, 3] (61, 1158)
[3, 3] (116, 454)
[3, 3] (170, 1582)
[3, 3] (226, 877)
[3, 3] (281, 172)
[3, 3] (335, 1300)
[3, 3] (390, 596)
[3, 3] (444, 1724)
[3, 3] (499, 1019)
[3, 3] (554, 314)
[3, 3] (608, 1442)
[3, 3] (663, 738)
[3, 3] (718, 33)
[3, 3] (772, 1161)
[3, 3] (827, 457)
[3, 3] (881, 1585)
[3, 3] (936, 880)
[3, 3] (991, 175)
[3, 3] (1045, 1303)
[3, 3] (1100, 599)
[3, 3] (1154, 1727)
[3, 3] (1209, 1022)
[3, 3] (1264, 317)
[3, 3] (1319, 1445)
[3, 3] (1375, 741)
[3, 3] (1430, 36)
[3, 3] (1484, 1164)
[3, 3] (1539, 460)
[3, 3] (1593, 1588)
[3, 3] (1648, 883)
[3, 3] (1703, 178)
[3, 3] (1757, 1306)
[3, 3] (1812, 602)
[9, 9] (52, 993)
[9, 9] (140, 582)
[9, 9] (229, 174)
[9, 9] (317, 910)
[9, 9] (405, 502)
[9, 9] (493, 94)
[9, 9] (580, 830)
[9, 9] (668, 422)
[9, 9] (757, 14)
[9, 9] (844, 749)
[9, 9] (933, 342)
[9, 9] (1021, 1080)
[9, 9] (1109, 669)
[6, 6] (25, 1581)
[6, 6] (69, 1481)
[6, 6] (113, 1382)
[6, 6] (157, 1283)
[6, 6] (202, 1183)
[6, 6] (247, 1084)
[6, 6] (291, 985)
[6, 6] (335, 886)
[6, 6] (379, 787)
[6, 6] (423, 688)
[6, 6] (467, 589)
[6, 6] (511, 490)
[6, 6] (555, 391)
[6, 6] (599, 292)
[6, 6] (643, 193)
[6, 6] (687, 92)
[6, 6] (730, 2273)
[6, 6] (774, 2174)
[6, 6] (818, 2075)
[6, 6] (862, 1976)
[6, 6] (906, 1877)
[6, 6] (950, 1777)
[6, 6] (994, 1678)
[6, 6] (1038, 1579)
[6, 6] (1082, 1479)
[6, 6] (1126, 1380)
[6, 6] (1170, 1281)
[6, 6] (1214, 1181)
[6, 6] (1258, 1082)
[6, 6] (1302, 983)
[6, 6] (1346, 884)
[6, 6] (1390, 785)
[6, 6] (1434, 686)
[6, 6] (1478, 587)
[6, 6] (1523, 488)
[6, 6] (1567, 389)
[6, 6] (1611, 290)
[6, 6] (1656, 191)
[6, 6] (1700, 90)
[6, 6] (1743, 2271)
[6, 6] (1787, 2172)
[6, 6] (1831, 2073)
[6, 6] (1875, 1974)
[6, 6] (1919, 1875)
[6, 6] (1963, 1775)
[6, 6] (2007, 1676)
[6, 6] (2051, 1577)
[6, 6] (2095, 1477)
[6, 6] (2139, 1378)
[6, 6] (2183, 1279)
[6, 6] (2227, 1179)
[6, 6] (2272, 1080)
[10, 10] (114, 230)
[10, 10] (254, 180)
[10, 10] (392, 131)
[10, 10] (531, 82)
[10, 10] (669, 33)
[12, 12] (42, 825)
[12, 12] (117, 110)
[12, 12] (190, 760)
[12, 12] (264, 44)
[12, 12] (337, 695)
[12, 12] (410, 1344)
[12, 12] (484, 630)
[12, 12] (557, 1279)
[12, 12] (631, 565)
[12, 12] (704, 1214)
[12, 12] (778, 500)
[12, 12] (852, 1149)
[12, 12] (926, 435)
[12, 12] (999, 1084)
[12, 12] (1073, 370)
[12, 12] (1146, 1019)
[12, 12] (1222, 305)
[12, 12] (1295, 954)
[13, 13] (8, 709)
[13, 13] (135, 124)
[13, 13] (261, 334)
[13, 13] (390, 544)
[13, 13] (517, 753)
[13, 13] (644, 169)
[13, 13] (771, 378)
[17, 17] (15, 158)
[87, 87] (173, 78)
[42, 42] (245, 280)
[26, 26] (32, 358)
[26, 26] (154, 319)
[26, 26] (278, 280)
[26, 26] (400, 241)
[26, 26] (523, 202)
[26, 26] (645, 163)
[26, 26] (767, 124)
[32, 32] (65, 519)
[32, 32] (186, 574)
[32, 32] (309, 629)
[32, 32] (431, 684)
[32, 32] (552, 739)
[32, 32] (673, 794)
[32, 32] (796, 19)
[29, 29] (57, 860)
[29, 29] (138, 1101)
[29, 29] (219, 92)
[29, 29] (299, 333)
[29, 29] (380, 575)
[29, 29] (460, 818)
[29, 29] (541, 1059)
[29, 29] (622, 50)
[29, 29] (702, 291)
[29, 29] (783, 533)
[29, 29] (863, 775)
[29, 29] (944, 1017)
[29, 29] (1025, 8)
[29, 29] (1105, 249)
[29, 29] (1185, 491)
[16, 16] (15, 954)
[16, 16] (91, 177)
[16, 16] (166, 729)
[16, 16] (241, 1282)
[16, 16] (317, 505)
[16, 16] (392, 1058)
[16, 16] (468, 280)
[16, 16] (543, 832)
[16, 16] (619, 55)
[16, 16] (694, 608)
[16, 16] (770, 1161)
[16, 16] (846, 384)
[16, 16] (922, 936)
[16, 16] (998, 158)
[16, 16] (1073, 711)
[16, 16] (1148, 1264)
[16, 16] (1224, 487)
[16, 16] (1299, 1039)
[39, 39] (79, 23)
[39, 39] (250, 64)
[39, 39] (421, 105)
[1984, 1984] (12, 57)
[46, 46] (123, 542)
[46, 46] (252, 309)
[46, 46] (381, 76)
[46, 46] (510, 624)
[46, 46] (641, 391)
[46, 46] (770, 158)
[21, 21] (130, 349)
[21, 21] (272, 524)
[21, 21] (413, 697)
[21, 21] (555, 159)
[21, 21] (699, 333)
[41, 41] (141, 278)
[41, 41] (295, 217)
[41, 41] (450, 156)
[41, 41] (603, 95)
[74, 74] (127, 503)
[74, 74] (324, 230)
[203, 203] (16, 135)
[85, 85] (21, 46)
[85, 85] (218, 209)
[85, 85] (413, 370)
[49, 49] (4, 616)
[49, 49] (137, 162)
[49, 49] (268, 474)
[49, 49] (400, 21)
[49, 49] (533, 333)
[49, 49] (664, 644)
[23, 23] (110, 149)
[63, 63] (102, 85)
[63, 63] (328, 183)
[93, 93] (95, 331)
[93, 93] (304, 351)
[70, 70] (28, 282)
[70, 70] (303, 365)
[35, 35] (136, 476)
[35, 35] (321, 380)
[35, 35] (508, 284)
[130, 130] (284, 109)
[384, 384] (11, 3)
[45, 50] (93, 426)
[45, 50] (229, 463)
[258, 258] (12, 9)
[233, 233] (101, 248)
[60, 60] (127, 197)
[269, 269] (92, 130)
[98, 98] (138, 381)
[98, 98] (373, 190)
[173, 173] (156, 250)
[103, 103] (29, 310)
[103, 103] (301, 139)
[385, 385] (123, 4)
[57, 57] (265, 42)
[58, 58] (159, 29)
[185, 185] (41, 160)
[185, 185] (272, 342)
[223, 223] (94, 238)
[831, 831] (111, 67)
[1, 1] (104, 14)
[1, 1] (363, 176)
[120, 120] (177, 152)
[120, 120] (417, 194)
[11, 11] (132, 390)
[11, 11] (268, 158)
[11, 11] (404, 667)
[11, 11] (541, 434)
[11, 11] (677, 203)
[143, 143] (118, 341)
[143, 143] (336, 334)
[112, 112] (77, 87)
[112, 112] (288, 187)
[775, 775] (76, 88)
[71, 71] (189, 64)
[50, 45] (216, 328)
[50, 45] (512, 324)
[163, 163] (38, 87)
[137, 137] (3, 171)
[253, 253] (36, 7)
[38, 38] (53, 223)
[38, 38] (303, 376)
[79, 79] (7, 48)
[79, 79] (246, 35)
[463, 463] (99, 17)
[94, 94] (149, 322)
[2128, 2128] (22, 5)
[127, 127] (126, 85)
[127, 127] (352, 423)
[1057, 1057] (185, 49)
[218, 218] (240, 212)
[195, 195] (182, 444)
[195, 195] (410, 99)
[1278, 1278] (32, 54)
[1084, 1084] (10, 104)
[75, 75] (5, 21)
[75, 75] (85, 825)
[75, 75] (166, 385)
[75, 75] (246, 1188)
[75, 75] (327, 748)
[75, 75] (408, 308)
[75, 75] (488, 1111)
[75, 75] (569, 671)
[75, 75] (651, 230)
[75, 75] (731, 1033)
[75, 75] (812, 594)
[75, 75] (894, 153)
[75, 75] (974, 956)
[75, 75] (1056, 516)
[75, 75] (1137, 75)
[75, 75] (1218, 879)
[380, 380] (25, 48)
[531, 531] (111, 223)
[246, 246] (240, 131)
[56, 56] (99, 13)
[56, 56] (253, 533)
[56, 56] (408, 404)
[56, 56] (564, 275)
[43, 43] (111, 318)
[0, 0] (46, 206)
[0, 0] (195, 527)
[0, 0] (346, 177)
[0, 0] (495, 498)
[0, 0] (646, 148)
[19, 19] (113, 298)
[19, 19] (292, 419)
[19, 19] (472, 538)
[52, 52] (147, 214)
[20, 20] (68, 40)
[20, 20] (285, 4)
[1873, 1873] (92, 32)
[54, 54] (158, 429)
[54, 54] (323, 440)
[54, 54] (488, 451)
[53, 53] (38, 410)
[53, 53] (178, 470)
[53, 53] (318, 530)
[53, 53] (457, 590)
[53, 53] (597, 652)
[438, 438] (26, 52)
[153, 153] (63, 120)
[106, 106] (173, 341)
[106, 106] (380, 361)
[124, 124] (134, 82)
[134, 134] (59, 34)
[134, 134] (272, 186)
[102, 102] (24, 194)
[77, 77] (42, 214)
[77, 77] (256, 104)
[77, 77] (471, 469)
[64, 64] (53, 193)
[64, 64] (189, 22)
[64, 64] (325, 597)
[64, 64] (460, 428)
[64, 64] (597, 259)
[64, 64] (732, 88)
[131, 131] (96, 319)
[131, 131] (304, 64)
[126, 126] (32, 5)
[785, 785] (178, 3)
[154, 154] (55, 90)
[457, 457] (166, 181)
[457, 457] (399, 159)
[68, 68] (81, 35)
[68, 68] (218, 213)
[68, 68] (354, 391)
[68, 68] (491, 570)
[68, 68] (629, 9)
[1024, 1024] (119, 130)
[179, 179] (71, 159)
[257, 257] (41, 220)
[257, 257] (247, 181)
[257, 257] (452, 142)
[1241, 1241] (128, 91)
[31, 31] (69, 73)
[31, 31] (342, 350)
[72, 72] (215, 218)
[86, 86] (53, 16)
[48, 48] (78, 145)
[278, 278] (183, 392)
[320, 320] (8, 120)
[118, 118] (140, 334)
[324, 324] (39, 49)
[596, 596] (141, 111)
[586, 586] (51, 149)
[423, 423] (95, 96)
[123, 123] (5, 81)
[162, 162] (109, 22)
[55, 55] (9, 54)
[78, 78] (154, 357)
[176, 176] (47, 159)
[176, 176] (314, 143)
[207, 207] (126, 112)
[122, 122] (133, 423)
[122, 122] (332, 236)
[274, 274] (37, 197)
[495, 495] (28, 4)
[34, 34] (3, 161)
[34, 34] (213, 413)
[34, 34] (427, 188)
[90, 90] (133, 0)
[117, 117] (98, 140)
[687, 687] (46, 173)
[61, 61] (95, 315)
[569, 569] (29, 4)
[2392, 2392] (25, 8)
[1493, 1493] (50, 14)
[147, 147] (231, 153)
[534, 534] (91, 402)
[534, 534] (343, 54)
[638, 638] (39, 15)
[1745, 1745] (66, 104)
[544, 544] (258, 12)
[159, 159] (40, 251)
[159, 159] (324, 141)
[383, 383] (165, 116)
[419, 419] (46, 265)
[419, 419] (254, 285)
[419, 419] (463, 305)
[1184, 1184] (80, 10)
[180, 180] (255, 266)
[1586, 1586] (21, 46)
[116, 116] (271, 194)
[310, 310] (87, 48)
[270, 270] (278, 48)
[482, 15] (108, 40)
[624, 624] (22, 183)
[436, 436] (157, 13)
[40, 40] (137, 336)
[960, 960] (65, 4)
[221, 221] (294, 166)
[81, 81] (31, 82)
[81, 81] (171, 686)
[81, 81] (314, 577)
[81, 81] (455, 468)
[81, 81] (597, 358)
[859, 859] (11, 20)
[343, 343] (55, 293)
[418, 418] (38, 59)
[232, 232] (216, 196)
[648, 648] (92, 90)
[151, 151] (17, 311)
[151, 151] (319, 147)
[234, 234] (176, 108)
[386, 386] (81, 44)
[516, 516] (96, 185)
[237, 237] (96, 102)
[297, 297] (167, 29)
[4634, 4634] (41, 5)
[701, 701] (32, 130)
[312, 312] (50, 176)
[299, 299] (46, 260)
[784, 784] (0, 125)
[752, 752] (232, 66)
[992, 992] (92, 210)
[1513, 1513] (22, 63)
[845, 845] (59, 7)
[238, 238] (135, 95)
[238, 238] (378, 325)
[1150, 1150] (6, 26)
[920, 920] (203, 88)
[2736, 2736] (58, 66)
[252, 252] (201, 158)
[313, 313] (179, 241)
[364, 364] (223, 74)
[100, 100] (108, 90)
[449, 449] (195, 55)
[115, 115] (64, 216)
[115, 115] (334, 149)
[305, 305] (34, 103)
[305, 305] (326, 345)
[291, 291] (117, 172)
[108, 108] (77, 156)
[1602, 1602] (23, 42)
[2284, 2284] (14, 9)
[650, 650] (166, 50)
[225, 225] (46, 13)
[4835, 4835] (80, 53)
[189, 189] (17, 275)
[5398, 5398] (61, 16)
[216, 216] (185, 204)
[190, 190] (81, 15)
[667, 667] (103, 65)
[144, 144] (212, 31)
[66, 66] (89, 302)
[168, 168] (40, 94)
[570, 570] (22, 66)
[280, 280] (223, 181)
[82, 82] (55, 40)
[263, 263] (69, 63)
[3766, 3766] (16, 81)
[402, 402] (40, 257)
[89, 89] (98, 42)
[89, 89] (370, 80)
[248, 248] (247, 158)
[519, 519] (27, 38)
[219, 219] (228, 45)
[592, 592] (53, 49)
[1043, 1043] (76, 207)
[2955, 2955] (22, 50)
[27, 27] (176, 47)
[27, 27] (359, 315)
[27, 27] (543, 29)
[404, 404] (281, 246)
[255, 255] (240, 97)
[2229, 2229] (11, 33)
[1869, 1869] (64, 10)
[181, 181] (191, 343)
[181, 181] (423, 39)
[5973, 5973] (23, 3)
[186, 186] (87, 42)
[186, 186] (215, 204)
[186, 186] (344, 365)
[186, 186] (473, 527)
[186, 186] (601, 688)
[186, 186] (731, 67)
[764, 764] (164, 165)
[382, 382] (162, 56)
[2972, 2972] (124, 88)
[166, 166] (59, 163)
[361, 361] (83, 61)
[727, 727] (56, 119)
[669, 669] (20, 208)
[892, 892] (137, 20)
[1292, 1292] (161, 121)
[416, 416] (231, 214)
[710, 710] (85, 45)
[111, 111] (15, 227)
[111, 111] (313, 269)
[249, 249] (259, 129)
[746, 746] (112, 119)
[242, 242] (191, 156)
[242, 242] (401, 45)
[209, 209] (34, 70)
[209, 209] (315, 270)
[132, 132] (209, 183)
[296, 296] (92, 197)
[295, 295] (5, 9)
[706, 706] (61, 77)
[3487, 3487] (32, 38)
[197, 197] (183, 327)
[197, 197] (406, 214)
[1148, 1148] (168, 63)
[1079, 1079] (115, 107)
[2119, 2119] (216, 68)
[1862, 1862] (22, 77)
[4642, 4642] (24, 32)
[1325, 1325] (67, 18)
[128, 128] (216, 80)
[368, 368] (111, 230)
[527, 527] (161, 25)
[149, 149] (265, 235)
[460, 460] (80, 120)
[577, 577] (106, 112)
[705, 705] (144, 39)
[171, 171] (130, 322)
[369, 369] (76, 49)
[169, 169] (186, 10)
[201, 201] (98, 149)
[359, 359] (19, 142)
[236, 236] (23, 38)
[732, 732] (39, 46)
[3022, 3022] (43, 10)
[229, 229] (129, 117)
[229, 229] (383, 184)
[396, 396] (25, 22)
[1541, 1541] (34, 80)
[2551, 2551] (87, 100)
[65, 65] (78, 31)
[65, 65] (198, 191)
[65, 65] (319, 351)
[65, 65] (440, 511)
[65, 65] (559, 673)
[65, 65] (678, 835)
[65, 65] (798, 152)
[694, 694] (11, 177)
[2139, 2139] (25, 118)
[3893, 3893] (122, 114)
[664, 664] (1, 86)
[444, 444] (178, 84)
[1980, 1980] (88, 12)
[488, 488] (13, 111)
[1052, 1052] (51, 41)
[1753, 1753] (73, 89)
[553, 553] (130, 100)
[529, 529] (11, 157)
[4367, 4367] (85, 86)
[916, 916] (173, 38)
[1490, 1490] (53, 13)
[2979, 2979] (8, 88)
[362, 362] (242, 218)
[759, 759] (82, 122)
[626, 626] (69, 233)
[2900, 2900] (7, 38)
[1156, 1156] (5, 29)
[678, 678] (6, 53)
[2301, 2301] (90, 35)
[813, 813] (24, 24)
[1059, 1059] (38, 129)
[417, 417] (184, 160)
[792, 792] (74, 51)
[566, 566] (26, 139)
[919, 919] (63, 82)
[2931, 2931] (23, 95)
[363, 363] (68, 90)
[4264, 4264] (37, 45)
[424, 424] (38, 187)
[593, 593] (84, 47)
[3207, 3207] (62, 7)
[406, 406] (83, 121)
[679, 679] (39, 139)
[1290, 1290] (95, 22)
[737, 737] (23, 100)
[1855, 1855] (33, 50)
[3110, 3110] (13, 10)
[1279, 1279] (74, 24)
[121, 121] (89, 148)
[3345, 3345] (102, 24)
[184, 184] (23, 166)
[2832, 2832] (67, 0)
[2249, 2249] (57, 108)
[1402, 1402] (52, 69)
[135, 135] (134, 56)
[1046, 1046] (7, 60)
[374, 374] (195, 182)
[1422, 1422] (13, 50)
[7547, 7547] (28, 6)
[563, 563] (130, 169)
[809, 809] (40, 82)
[1035, 1035] (122, 59)
[738, 738] (61, 2)
[1372, 1372] (39, 13)
[217, 217] (142, 91)
[5933, 5933] (29, 18)
[31486, 31486] (10, 11)
[348, 348] (229, 241)
[3459, 3459] (3, 57)
[2152, 2152] (27, 23)
[116012, 116012] (1, 3)
[1019, 1019] (122, 80)
[665, 665] (214, 72)
[3347, 3347] (49, 30)
[14723, 14723] (20, 15)
[794, 794] (102, 56)
[240, 240] (224, 222)
[914, 914] (24, 1)
[1571, 1571] (24, 1)
[708, 708] (86, 97)
[17746, 17746] (0, 2)
[1957, 1957] (57, 89)
[4442, 4442] (71, 34)
[2062, 2062] (4, 58)
[3966, 3966] (25, 5)
[1865, 1865] (45, 10)
[1948, 1948] (53, 47)
[3192, 3192] (23, 35)
[766, 766] (60, 80)
[7167, 7167] (31, 83)
[2275, 2275] (65, 68)
[1591, 1591] (66, 92)
[2604, 2604] (28, 13)
[4379, 4379] (44, 23)
[2446, 2446] (47, 67)
[341, 341] (207, 120)
[580, 580] (86, 143)
[614, 614] (79, 113)
[1444, 1444] (88, 71)
[185076, 185076] (5, 2)
[1367, 1367] (115, 35)
[5003, 5003] (26, 23)
[10705, 10705] (26, 47)
[3101, 3101] (17, 11)
[5127, 5127] (8, 43)
[1469, 1469] (52, 55)
[2925, 2925] (18, 1)
[695, 695] (85, 22)
[193, 193] (207, 231)
[3095, 3095] (61, 10)
[2784, 2784] (105, 67)
[2698, 2698] (41, 27)
[3419, 3419] (121, 79)
[7051, 7051] (42, 23)
[945, 945] (14, 33)
[2018, 2018] (69, 13)
[1628, 1628] (54, 77)
[2556, 2556] (175, 162)
[5989, 5989] (26, 24)
[491, 491] (26, 30)
[288, 288] (267, 214)
[909, 909] (10, 76)
[2622, 2622] (38, 62)
[1053, 1053] (74, 116)
[4009, 4009] (15, 20)
[1394, 1394] (57, 57)
[11355, 11355] (35, 20)
[980, 980] (136, 218)
[493, 493] (103, 238)
[628, 628] (31, 126)
[11582, 11582] (2, 21)
[894, 894] (6, 35)
[13423, 13423] (30, 19)
[2051, 2051] (6, 109)
[3312, 3312] (32, 13)
[1390, 1390] (22, 66)
[455, 455] (12, 48)
[455, 455] (261, 176)
[1266, 1266] (151, 13)
[2612, 2612] (22, 39)
[36063, 36063] (6, 10)
[266, 266] (306, 235)
[3183, 3183] (71, 36)
[1424, 1424] (34, 79)
[663, 663] (138, 197)
[986, 986] (134, 162)
[8785, 8785] (5, 31)
[1382, 1382] (23, 12)
[328, 328] (115, 140)
[1460, 1460] (5, 82)
[731, 731] (80, 117)
[9947, 9947] (21, 26)
[551, 551] (31, 17)
Correct: 7984 Wrong: 16
[1874, 1874] (47, 48)
[948, 948] (162, 127)
[888, 888] (33, 109)
[25167, 25167] (7, 37)
[20375, 20375] (20, 79)
[703, 703] (231, 6)
[5002, 5002] (41, 26)
[1009, 1009] (73, 100)
[45535, 45535] (4, 2)
[3239, 3239] (85, 54)
[2600, 2600] (11, 42)
[32092, 32092] (2, 28)
[38974, 38974] (8, 10)
[13034, 13034] (0, 8)
[9532, 9532] (5, 16)
[27458, 27458] (21, 36)
[5281, 5281] (10, 18)
[1622, 1622] (125, 56)
[2274, 2274] (63, 134)
[12487, 12487] (73, 78)
[2277, 2277] (85, 70)
[2735, 2735] (98, 8)
[4035, 4035] (13, 18)
[1937, 1937] (172, 174)
[6457, 6457] (40, 32)
[1141, 1141] (53, 48)
correct: 9985
wrong: 16
[805, 805] (61, 106)
[2908, 2908] (22, 2)
[25235, 25235] (31, 33)
[2706, 2706] (78, 22)
[2228, 2228] (97, 57)
[2074, 2074] (2, 62)
[814, 814] (7, 97)
[10870, 10870] (10, 10)
[2775, 2775] (27, 27)
[21475, 21475] (62, 19)
[2818, 2818] (7, 8)
[2413, 2413] (18, 11)
[4292, 4292] (113, 7)
[34383, 34383] (1, 9)
[2717, 2717] (29, 23)
[447, 447] (45, 139)
[27613, 27613] (9, 57)
[4388, 4388] (125, 13)
[29802, 29802] (0, 8)
[5603, 5603] (33, 33)
[11497, 11497] (17, 28)
[1495, 1495] (2, 0)
[6819, 6819] (5, 40)
[1860, 1860] (114, 123)
[594, 594] (77, 62)
[1696, 1696] (43, 130)
[2516, 2516] (96, 28)
[2532, 2532] (5, 8)
[3356, 3356] (62, 31)
[7104, 7104] (31, 0)
[18116, 18116] (0, 36)
[4838, 4838] (84, 48)
[3768, 3768] (65, 67)
[1262, 1262] (66, 106)
[42417, 42417] (22, 8)
[3109, 3109] (81, 56)
[459, 459] (33, 8)
[3947, 3947] (5, 59)
[7719, 7719] (8, 14)
[109526, 109526] (10, 5)
[515, 515] (170, 189)
[18957, 18957] (9, 1)
[726, 726] (33, 2)
[15601, 15601] (17, 10)
[18522, 18522] (11, 8)
Correct: 15984 Wrong: 16
[9212, 9212] (38, 34)
[5838, 5838] (30, 93)
[1073, 1073] (51, 28)
[11458, 11458] (14, 33)
[18144, 18144] (28, 23)
[14686, 14686] (73, 2)
[15546, 15546] (12, 43)
[4574, 4574] (57, 56)
[2339, 2339] (129, 95)
[8342, 8342] (45, 26)
[612, 612] (9, 98)
[2515, 2515] (7, 51)
[32957, 32957] (41, 10)
[13689, 13689] (1, 38)
[5571, 5571] (34, 50)
[27702, 27702] (5, 15)
[19982, 19982] (11, 11)
[881, 881] (39, 43)
[63025, 63025] (7, 4)
[171459, 171459] (1, 5)
[25931, 25931] (4, 4)
[3388, 3388] (42, 9)
[12341, 12341] (13, 6)
correct: 19986
wrong: 16
[672, 672] (92, 92)
[58540, 58540] (15, 11)
[12801, 12801] (33, 40)
[17820, 17820] (5, 0)
[3642, 3642] (42, 59)
[1706, 1706] (54, 39)
[6322, 6322] (34, 31)
[4796, 4796] (7, 46)
[3437, 3437] (22, 50)
[2092, 2092] (35, 19)
[13907, 13907] (12, 7)
[19486, 19486] (8, 3)
[3614, 3614] (28, 48)
[4467, 4467] (9, 40)
[5233, 5233] (3, 6)
[2747, 2747] (55, 41)
Correct: 23984 Wrong: 16
[4091, 4091] (35, 38)
[2759, 2759] (37, 41)
[96687, 96687] (3, 2)
[603, 603] (112, 67)
[15353, 15353] (10, 29)
[2194, 2194] (102, 80)
[412387, 412387] (0, 4)
[699, 699] (192, 111)
[8572, 8572] (97, 71)
[37435, 37435] (1, 8)
[8619, 8619] (20, 0)
[52524, 52524] (22, 6)
[106261, 106261] (10, 3)
[98097, 98097] (8, 17)
[1434, 1434] (18, 43)
[17025, 17025] (14, 25)
[7385, 7385] (55, 35)
[5090, 5090] (13, 69)
[44420, 44420] (9, 10)
[1523, 1523] (129, 66)
[41766, 41766] (14, 22)
[3456, 3456] (13, 90)
[9281, 9281] (25, 24)
correct: 29987
wrong: 16
[11803, 11803] (26, 54)
[4848, 4848] (7, 48)
[4579, 4579] (53, 59)
[5180, 5180] (30, 4)
[3270, 3270] (25, 76)
[7881, 7881] (6, 9)
Correct: 31984 Wrong: 16
[6316, 6316] (4, 14)
[4352, 4352] (19, 19)
[11022, 11022] (15, 14)
[895, 895] (141, 75)
[9001, 9001] (27, 9)
[2896, 2896] (6, 131)
[18632, 18632] (22, 0)
[16323, 16323] (19, 10)
[5369, 5369] (34, 41)
[234562, 234562] (1, 2)
[3556, 3556] (47, 84)
[18206, 18206] (7, 6)
[3264, 3264] (157, 157)
[24466, 24466] (9, 8)
[5473, 5473] (6, 56)
[123975, 123975] (5, 4)
[10687, 10687] (34, 14)
[6221, 6221] (4, 36)
[3917, 3917] (7, 53)
[7895, 7895] (4, 19)
[47894, 47894] (21, 14)
[27188, 27188] (38, 33)
Correct: 39984 Wrong: 16
correct: 39988
wrong: 16
[3322, 3322] (12, 28)
[11939, 11939] (12, 37)
[16682, 16682] (5, 19)
[20310, 20310] (14, 6)
[8210, 8210] (33, 52)
[46135, 46135] (14, 0)
[13552, 13552] (9, 2)
[48932, 48932] (0, 5)
[21826, 21826] (15, 30)
[34901, 34901] (1, 3)
[1088, 1088] (153, 63)
[13975, 13975] (33, 1)
[57918, 57918] (0, 8)
[26721, 26721] (2, 7)
[12051, 12051] (13, 53)
[3796, 3796] (26, 37)
[7630, 7630] (8, 34)
Correct: 47984 Wrong: 16
[32870, 32870] (1, 15)
[16751, 16751] (15, 22)
[6987, 6987] (59, 66)
[42776, 42776] (32, 41)
[4049, 4049] (94, 73)
correct: 49989
wrong: 16
[4607, 4607] (116, 113)
[20957, 20957] (22, 17)
[41492, 41492] (0, 26)
[7382, 7382] (9, 30)
[198571, 198571] (5, 2)
[16283, 16283] (47, 13)
[8323, 8323] (21, 72)
[17748, 17748] (29, 3)
[2746, 2746] (6, 25)
[8551, 8551] (27, 19)
Correct: 55984 Wrong: 16
[1878, 1878] (60, 56)
[4534, 4534] (106, 93)
[25855, 25855] (23, 10)
[4302, 4302] (11, 18)
[24686, 24686] (30, 30)
[43714, 43714] (13, 4)
[11618, 11618] (12, 9)
correct: 59990
wrong: 16
[85169, 85169] (16, 6)
[2448, 2448] (57, 30)
[17139, 17139] (3, 6)
[44596, 44596] (9, 3)
[9258, 9258] (39, 41)
Correct: 63984 Wrong: 16
[6883, 6883] (3, 52)
[51619, 51619] (1, 15)
[82870, 82870] (16, 14)
[63533, 63533] (10, 0)
[34768, 34768] (31, 31)
[15555, 15555] (2, 28)
[11875, 11875] (37, 44)
[45902, 45902] (1, 8)
[9781, 9781] (78, 34)
correct: 69991
wrong: 16
[2983, 2983] (27, 34)
[7192, 7192] (19, 28)
[9553, 9553] (13, 24)
Correct: 71984 Wrong: 16
[22699, 22699] (9, 9)
[4820, 4820] (44, 14)
[17157, 17157] (25, 23)
[7659, 7659] (31, 69)
[2066, 2066] (77, 57)
[114897, 114897] (6, 9)
[163466, 163466] (3, 11)
[7038, 7038] (30, 21)
[15079, 15079] (56, 71)
Correct: 79984 Wrong: 16
correct: 79992
wrong: 16
[500101, 500101] (0, 3)
[17774, 17774] (9, 34)
[27982, 27982] (34, 32)
[136058, 136058] (5, 13)
[16878, 16878] (21, 15)
[84624, 84624] (10, 12)
[73897, 73897] (9, 22)
[17205, 17205] (13, 1)
Correct: 87984 Wrong: 16
[16349, 16349] (23, 12)
[2542, 2542] (34, 21)
correct: 89993
wrong: 16
[40356, 40356] (0, 14)
[9734, 9734] (23, 7)
[22962, 22962] (22, 26)
[22768, 22768] (2, 5)
[16471, 16471] (17, 16)
[18602, 18602] (6, 20)
Correct: 95984 Wrong: 16
[86269, 86269] (0, 0)
[2528, 2528] (77, 49)
[14810, 14810] (23, 5)
correct: 99994
wrong: 16
[13270, 13270] (48, 14)
[33861, 33861] (19, 16)
[32579, 32579] (15, 3)
[4822, 4822] (28, 11)
Correct: 103984 Wrong: 16
[43076, 43076] (0, 27)
[65920, 65920] (26, 33)
[9203, 9203] (43, 18)
[24904, 24904] (14, 4)
correct: 109995
wrong: 16
[130848, 130848] (6, 2)
[72411, 72411] (6, 9)
Correct: 111984 Wrong: 16
[120605, 120605] (6, 3)
[35647, 35647] (25, 28)
[48225, 48225] (6, 3)
[83500, 83500] (11, 2)
[26454, 26454] (6, 21)
Correct: 119984 Wrong: 16
correct: 119996
wrong: 16
[215688, 215688] (12, 12)
[4249, 4249] (19, 40)
[24865, 24865] (10, 2)
[37428, 37428] (28, 9)
[8165, 8165] (0, 8)
[22267, 22267] (19, 9)
Correct: 127984 Wrong: 16
[42053, 42053] (9, 14)
correct: 129997
wrong: 16
[43366, 43366] (1, 8)
[10171, 10171] (4, 14)
[41249, 41249] (21, 21)
Correct: 135984 Wrong: 16
[59436, 59436] (12, 9)
[98617, 98617] (8, 1)
[6441, 6441] (15, 17)
correct: 139998
wrong: 16
[15851, 15851] (17, 21)
[344925, 344925] (3, 6)
Correct: 143984 Wrong: 16
[110682, 110682] (1, 8)
[55270, 55270] (6, 4)
[33115, 33115] (3, 18)
[1318, 1318] (21, 31)
correct: 149999
wrong: 16
Correct: 151984 Wrong: 16
[12414, 12414] (17, 0)
[15307, 15307] (3, 34)
[96828, 96828] (20, 26)
[84924, 84924] (15, 14)
[24050, 24050] (12, 37)
Correct: 159984 Wrong: 16
correct: 160000
wrong: 16
[55206, 55206] (4, 0)
[9627, 9627] (11, 21)
[25206, 25206] (0, 15)
Correct: 167984 Wrong: 16
[5333, 5333] (54, 37)
[40701, 40701] (15, 19)
correct: 170001
wrong: 16
[71595, 71595] (7, 14)
[59770, 59770] (11, 15)
Correct: 175984 Wrong: 16
[25399, 25399] (12, 25)
[38681, 38681] (15, 20)
correct: 180002
wrong: 16
[53790, 53790] (8, 1)
Correct: 183984 Wrong: 16
[33682, 33682] (1, 20)
[79166, 79166] (15, 5)
[31089, 31089] (3, 10)
correct: 190003
wrong: 16
[90858, 90858] (7, 4)
Correct: 191984 Wrong: 16
[18065, 18065] (77, 48)
[31216, 31216] (13, 14)
[256021, 256021] (3, 4)
Correct: 199984 Wrong: 16
correct: 200004
wrong: 16
[34621, 34621] (32, 29)
[124673, 124673] (8, 7)
[20629, 20629] (21, 23)
Correct: 207984 Wrong: 16
correct: 210005
wrong: 16
[76118, 76118] (3, 9)
[145761, 145761] (3, 5)
Correct: 215984 Wrong: 16
[31337, 31337] (4, 13)
[35737, 35737] (5, 2)
correct: 220006
wrong: 16
[88691, 88691] (6, 4)
Correct: 223984 Wrong: 16
[52626, 52626] (2, 5)
[58126, 58126] (0, 16)
correct: 230007
wrong: 16
[55668, 55668] (25, 22)
Correct: 231984 Wrong: 16
[18429, 18429] (10, 25)
[55336, 55336] (7, 10)
Correct: 239984 Wrong: 16
[252059, 252059] (3, 0)
correct: 240008
wrong: 16
[67394, 67394] (3, 12)
[39160, 39160] (19, 8)
Correct: 247984 Wrong: 16
[167205, 167205] (3, 2)
correct: 250009
wrong: 16
[12318, 12318] (33, 36)
Correct: 255984 Wrong: 16
[33660, 33660] (25, 21)
[49680, 49680] (7, 6)
correct: 260010
wrong: 16
[73338, 73338] (12, 9)
Correct: 263984 Wrong: 16
[7737, 7737] (41, 75)
[18471, 18471] (11, 39)
correct: 270011
wrong: 16
Correct: 271984 Wrong: 16
[170358, 170358] (10, 7)
[12480, 12480] (23, 40)
Correct: 279984 Wrong: 16
correct: 280012
wrong: 16
[103214, 103214] (3, 3)
[54121, 54121] (7, 3)
Correct: 287984 Wrong: 16
correct: 290013
wrong: 16
[291416, 291416] (3, 2)
[201717, 201717] (2, 1)
Correct: 295984 Wrong: 16
[92528, 92528] (8, 7)
correct: 300014
wrong: 16
Correct: 303984 Wrong: 16
[117480, 117480] (5, 13)
[21144, 21144] (7, 20)
correct: 310015
wrong: 16
Correct: 311984 Wrong: 16
[13859, 13859] (26, 4)
[79513, 79513] (0, 4)
Correct: 319984 Wrong: 16
correct: 320016
wrong: 16
[45876, 45876] (10, 16)
Correct: 327984 Wrong: 16
[23911, 23911] (5, 26)
correct: 330017
wrong: 16
[29540, 29540] (6, 13)
Correct: 335984 Wrong: 16
[40554, 40554] (12, 0)
correct: 340018
wrong: 16
[18672, 18672] (0, 10)
Correct: 343984 Wrong: 16
[30502, 30502] (34, 28)
correct: 350019
wrong: 16
Correct: 351984 Wrong: 16
[13619, 13619] (23, 22)
[258614, 258614] (3, 1)
Correct: 359984 Wrong: 16
correct: 360020
wrong: 16
[107769, 107769] (2, 9)
Correct: 367984 Wrong: 16
[97572, 97572] (7, 4)
correct: 370021
wrong: 16
[72920, 72920] (1, 9)
Correct: 375984 Wrong: 16
correct: 380022
wrong: 16
[144924, 144924] (8, 7)
Correct: 383984 Wrong: 16
[254088, 254088] (3, 0)
correct: 390023
wrong: 16
Correct: 391984 Wrong: 16
[28183, 28183] (5, 10)
[46732, 46732] (3, 18)
Correct: 399984 Wrong: 16
correct: 400024
wrong: 16
[52010, 52010] (14, 16)
Correct: 407984 Wrong: 16
correct: 410025
wrong: 16
[66604, 66604] (3, 8)
Correct: 415984 Wrong: 16
[75663, 75663] (1, 0)
correct: 420026
wrong: 16
Correct: 423984 Wrong: 16
[153011, 153011] (5, 5)
correct: 430027
wrong: 16
Correct: 431984 Wrong: 16
[34796, 34796] (17, 10)
Correct: 439984 Wrong: 16
[63615, 63615] (20, 18)
correct: 440028
wrong: 16
[45768, 45768] (9, 16)
Correct: 447984 Wrong: 16
correct: 450029
wrong: 16
[265040, 265040] (4, 0)
Correct: 455984 Wrong: 16
correct: 460030
wrong: 16
[69423, 69423] (3, 5)
Correct: 463984 Wrong: 16
[127343, 127343] (1, 11)
correct: 470031
wrong: 16
Correct: 471984 Wrong: 16
[117360, 117360] (11, 0)
Correct: 479984 Wrong: 16
correct: 480032
wrong: 16
[54195, 54195] (3, 5)
Correct: 487984 Wrong: 16
correct: 490033
wrong: 16
[201494, 201494] (9, 7)
Correct: 495984 Wrong: 16
correct: 500034
wrong: 16
[60633, 60633] (13, 2)
Correct: 503984 Wrong: 16
correct: 510035
wrong: 16
[32900, 32900] (8, 11)
Correct: 511984 Wrong: 16
Correct: 519984 Wrong: 16
correct: 520036
wrong: 16
[83366, 83366] (13, 21)
Correct: 527984 Wrong: 16
correct: 530037
wrong: 16
[332050, 332050] (5, 1)
Correct: 535984 Wrong: 16
correct: 540038
wrong: 16
[94214, 94214] (1, 0)
Correct: 543984 Wrong: 16
[35769, 35769] (28, 16)
correct: 550039
wrong: 16
Correct: 551984 Wrong: 16
[493700, 493700] (2, 0)
Correct: 559984 Wrong: 16
correct: 560040
wrong: 16
Correct: 567984 Wrong: 16
[146389, 146389] (9, 4)
correct: 570041
wrong: 16
Correct: 575984 Wrong: 16
[81450, 81450] (14, 10)
correct: 580042
wrong: 16
Correct: 583984 Wrong: 16
[116266, 116266] (5, 0)
correct: 590043
wrong: 16
Correct: 591984 Wrong: 16
[99763, 99763] (5, 9)
Correct: 599984 Wrong: 16
correct: 600044
wrong: 16
Correct: 607984 Wrong: 16
[89390, 89390] (5, 15)
correct: 610045
wrong: 16
Correct: 615984 Wrong: 16
[22741, 22741] (17, 2)
correct: 620046
wrong: 16
Correct: 623984 Wrong: 16
correct: 630047
wrong: 16
[6270, 6270] (12, 25)
Correct: 631984 Wrong: 16
Correct: 639984 Wrong: 16
correct: 640048
wrong: 16
[8390, 8390] (36, 26)
Correct: 647984 Wrong: 16
correct: 650049
wrong: 16
[13312, 13312] (41, 50)
Correct: 655984 Wrong: 16
correct: 660050
wrong: 16
[65631, 65631] (4, 37)
Correct: 663984 Wrong: 16
correct: 670051
wrong: 16
Correct: 671984 Wrong: 16
[468327, 468327] (7, 2)
Correct: 679984 Wrong: 16
correct: 680052
wrong: 16
[225309, 225309] (11, 8)
Correct: 687984 Wrong: 16
correct: 690053
wrong: 16
Correct: 695984 Wrong: 16
[260707, 260707] (11, 5)
correct: 700054
wrong: 16
Correct: 703984 Wrong: 16
correct: 710055
wrong: 16
Correct: 711984 Wrong: 16
[125556, 125556] (7, 1)
Correct: 719984 Wrong: 16
correct: 720056
wrong: 16
[196437, 196437] (4, 5)
Correct: 727984 Wrong: 16
correct: 730057
wrong: 16
Correct: 735984 Wrong: 16
[180977, 180977] (2, 0)
correct: 740058
wrong: 16
Correct: 743984 Wrong: 16
correct: 750059
wrong: 16
Correct: 751984 Wrong: 16
[586003, 586003] (3, 5)
Correct: 759984 Wrong: 16
correct: 760060
wrong: 16
[436804, 436804] (1, 0)
Correct: 767984 Wrong: 16
correct: 770061
wrong: 16
Correct: 775984 Wrong: 16
correct: 780062
wrong: 16
[50132, 50132] (20, 18)
Correct: 783984 Wrong: 16
correct: 790063
wrong: 16
Correct: 791984 Wrong: 16
[289742, 289742] (5, 4)
Correct: 799984 Wrong: 16
correct: 800064
wrong: 16
Correct: 807984 Wrong: 16
correct: 810065
wrong: 16
[163184, 163184] (6, 13)
Correct: 815984 Wrong: 16
correct: 820066
wrong: 16
Correct: 823984 Wrong: 16
[594473, 594473] (5, 3)
correct: 830067
wrong: 16
Correct: 831984 Wrong: 16
Correct: 839984 Wrong: 16
correct: 840068
wrong: 16
[750469, 750469] (1, 2)
Correct: 847984 Wrong: 16
correct: 850069
wrong: 16
Correct: 855984 Wrong: 16
correct: 860070
wrong: 16
[67192, 67192] (15, 1)
Correct: 863984 Wrong: 16
correct: 870071
wrong: 16
Correct: 871984 Wrong: 16
[105914, 105914] (9, 9)
Correct: 879984 Wrong: 16
correct: 880072
wrong: 16
Correct: 887984 Wrong: 16
correct: 890073
wrong: 16
Correct: 895984 Wrong: 16
[606297, 606297] (0, 2)
correct: 900074
wrong: 16
Correct: 903984 Wrong: 16
correct: 910075
wrong: 16
Correct: 911984 Wrong: 16
[99783, 99783] (5, 5)
Correct: 919984 Wrong: 16
correct: 920076
wrong: 16
Correct: 927984 Wrong: 16
correct: 930077
wrong: 16
Correct: 935984 Wrong: 16
[179313, 179313] (5, 1)
correct: 940078
wrong: 16
Correct: 943984 Wrong: 16
correct: 950079
wrong: 16
Correct: 951984 Wrong: 16
[336091, 336091] (7, 5)
Correct: 959984 Wrong: 16
correct: 960080
wrong: 16
Correct: 967984 Wrong: 16
correct: 970081
wrong: 16
Correct: 975984 Wrong: 16
correct: 980082
wrong: 16
[328355, 328355] (5, 4)
Correct: 983984 Wrong: 16
correct: 990083
wrong: 16
Correct: 991984 Wrong: 16
expandWhenStuck: 
----------RESULT----------
ExpandWhenStuck results for N = 1000000; s = 1; nb_seed = 300
	common nodes count G1 and G2 = 1000000
	matched = 999999
	correct matches = 999976	 wrong matches = 23
	recall = 0.999976
	precision = 0.999977
	F1-score = 0.999976
