Start read graph: /home/ildar/projects/GraphMatching/data/rg_barabasi_albert.txt
n = 1000000
Graph created
N = 1000000
E = 2.99999e+06
p = 5.99999e-06
THEOREM 1:
	n^(-1) << p <= n^(-5/6 - e) 	e = 0.001	[1/6 > e > 0]
	1e-06 << p <= 9.86279e-06 (OK)
pt = 1
ps = 1
r = 2
a_c = 13888.9: initial seed set.
------------------------------------
Generate G1
	generate subgraph
	V_count = 1000000
Generate G2
	generate subgraph
	V_count = 1000000
same = 1000000;  N * pt * pt = 1e+06
START algorithm time: Mon Nov 30 11:30:00 2015
0
Done with the seeds!
[29, 29] (57, 869)
[29, 29] (137, 950)
[29, 29] (217, 1031)
[29, 29] (297, 1113)
[29, 29] (377, 1194)
[29, 29] (458, 24)
[29, 29] (538, 105)
[29, 29] (618, 186)
[29, 29] (698, 267)
[29, 29] (778, 348)
[29, 29] (858, 429)
[29, 29] (938, 510)
[29, 29] (1018, 591)
[29, 29] (1098, 672)
[29, 29] (1179, 754)
[231, 231] (62, 8)
[131, 785] (285, 131)
[785, 26] (58, 242)
[785, 26] (181, 80)
[26, 131] (64, 206)
[26, 131] (272, 226)
[26, 131] (480, 246)
[26, 131] (687, 266)
[5, 5] (17, 1003)
[5, 5] (68, 279)
[5, 5] (118, 1533)
[5, 5] (169, 806)
[5, 5] (221, 82)
[5, 5] (271, 1334)
[5, 5] (322, 609)
[5, 5] (372, 1864)
[5, 5] (423, 1136)
[5, 5] (474, 412)
[5, 5] (524, 1667)
[5, 5] (575, 939)
[5, 5] (627, 215)
[5, 5] (677, 1468)
[5, 5] (728, 742)
[5, 5] (779, 18)
[5, 5] (829, 1269)
[5, 5] (880, 545)
[5, 5] (930, 1800)
[5, 5] (981, 1072)
[5, 5] (1032, 348)
[5, 5] (1082, 1602)
[5, 5] (1133, 875)
[5, 5] (1184, 151)
[5, 5] (1235, 1403)
[5, 5] (1286, 678)
[5, 5] (1336, 1933)
[5, 5] (1388, 1205)
[5, 5] (1439, 481)
[5, 5] (1489, 1736)
[5, 5] (1540, 1008)
[5, 5] (1591, 284)
[5, 5] (1641, 1538)
[5, 5] (1692, 811)
[5, 5] (1743, 87)
[5, 5] (1793, 1339)
[5, 5] (1844, 614)
[5, 5] (1894, 1869)
[5, 5] (1945, 1141)
[14, 259] (1134, 3)
[4, 4] (28, 655)
[4, 4] (64, 35)
[4, 4] (99, 2213)
[4, 4] (135, 1594)
[4, 4] (171, 974)
[4, 4] (207, 355)
[4, 4] (242, 2532)
[4, 4] (278, 1913)
[4, 4] (315, 1293)
[4, 4] (351, 674)
[4, 4] (387, 54)
[4, 4] (422, 2232)
[4, 4] (458, 1613)
[4, 4] (494, 993)
[4, 4] (530, 374)
[4, 4] (565, 2551)
[4, 4] (601, 1932)
[4, 4] (637, 1312)
[4, 4] (673, 693)
[4, 4] (709, 73)
[4, 4] (744, 2251)
[4, 4] (780, 1632)
[4, 4] (816, 1012)
[4, 4] (852, 393)
[4, 4] (887, 2570)
[4, 4] (923, 1951)
[4, 4] (959, 1331)
[4, 4] (995, 712)
[4, 4] (1031, 92)
[4, 4] (1066, 2270)
[4, 4] (1102, 1651)
[4, 4] (1138, 1031)
[4, 4] (1174, 412)
[4, 4] (1209, 2589)
[4, 4] (1245, 1970)
[4, 4] (1281, 1350)
[4, 4] (1317, 731)
[4, 4] (1353, 111)
[4, 4] (1388, 2289)
[4, 4] (1424, 1670)
[4, 4] (1460, 1050)
[4, 4] (1496, 431)
[4, 4] (1531, 2608)
[4, 4] (1567, 1989)
[4, 4] (1603, 1369)
[4, 4] (1639, 750)
[4, 4] (1675, 130)
[4, 4] (1710, 2308)
[4, 4] (1747, 1689)
[4, 4] (1783, 1069)
[4, 4] (1819, 450)
[4, 4] (1854, 2627)
[4, 4] (1890, 2008)
[4, 4] (1926, 1388)
[4, 4] (1962, 769)
[4, 4] (1998, 149)
[4, 4] (2033, 2327)
[4, 4] (2069, 1708)
[4, 4] (2105, 1088)
[4, 4] (2141, 469)
[4, 4] (2176, 2646)
[4, 4] (2212, 2027)
[4, 4] (2248, 1407)
[4, 4] (2284, 788)
[4, 4] (2320, 168)
[4, 4] (2355, 2346)
[4, 4] (2391, 1727)
[4, 4] (2427, 1107)
[4, 4] (2463, 488)
[4, 4] (2498, 2665)
[4, 4] (2534, 2046)
[4, 4] (2570, 1426)
[4, 4] (2606, 807)
[4, 4] (2642, 187)
[4, 4] (2677, 2365)
[4, 4] (2713, 1746)
[4, 4] (2749, 1126)
[4, 4] (2785, 507)
[50, 50] (81, 312)
[50, 50] (215, 349)
[50, 50] (350, 386)
[50, 50] (484, 424)
[50, 50] (618, 461)
[3, 3] (2, 567)
[3, 3] (56, 1751)
[3, 3] (111, 1099)
[3, 3] (166, 450)
[3, 3] (220, 1634)
[3, 3] (275, 982)
[3, 3] (330, 332)
[3, 3] (384, 1517)
[3, 3] (439, 865)
[3, 3] (494, 215)
[3, 3] (548, 1399)
[3, 3] (603, 748)
[3, 3] (658, 98)
[3, 3] (713, 1280)
[3, 3] (768, 631)
[3, 3] (822, 1815)
[3, 3] (877, 1163)
[3, 3] (932, 514)
[3, 3] (986, 1698)
[3, 3] (1041, 1046)
[3, 3] (1097, 396)
[3, 3] (1151, 1581)
[3, 3] (1206, 929)
[3, 3] (1261, 279)
[3, 3] (1315, 1463)
[3, 3] (1370, 812)
[3, 3] (1425, 162)
[3, 3] (1479, 1346)
[3, 3] (1535, 695)
[3, 3] (1591, 45)
[3, 3] (1645, 1227)
[3, 3] (1700, 578)
[3, 3] (1754, 1762)
[3, 3] (1809, 1110)
[45, 45] (165, 103)
[11, 11] (8, 683)
[11, 11] (144, 315)
[11, 11] (281, 687)
[11, 11] (418, 319)
[11, 11] (553, 691)
[11, 11] (689, 323)
[112, 112] (131, 286)
[112, 112] (340, 385)
[8, 8] (36, 779)
[8, 8] (147, 900)
[8, 8] (258, 111)
[8, 8] (368, 232)
[8, 8] (479, 354)
[8, 8] (589, 475)
[8, 8] (699, 597)
[8, 8] (810, 718)
[2, 2] (7, 317)
[2, 2] (87, 958)
[2, 2] (168, 357)
[2, 2] (248, 998)
[2, 2] (330, 397)
[2, 2] (411, 1038)
[2, 2] (492, 437)
[2, 2] (572, 1078)
[2, 2] (654, 477)
[2, 2] (734, 1118)
[2, 2] (815, 517)
[2, 2] (895, 1158)
[2, 2] (977, 557)
[2, 2] (1057, 1199)
[2, 2] (1138, 597)
[2, 2] (1218, 1239)
[47, 47] (63, 427)
[47, 47] (160, 300)
[47, 47] (256, 171)
[47, 47] (352, 44)
[47, 47] (447, 962)
[47, 47] (543, 835)
[47, 47] (640, 708)
[47, 47] (736, 581)
[47, 47] (832, 454)
[47, 47] (928, 327)
[47, 47] (1024, 200)
[15, 15] (108, 430)
[15, 15] (248, 629)
[15, 15] (388, 108)
[15, 15] (527, 308)
[15, 15] (667, 508)
[22, 22] (46, 1247)
[22, 22] (123, 1308)
[22, 22] (200, 51)
[22, 22] (276, 113)
[22, 22] (352, 174)
[22, 22] (429, 235)
[22, 22] (505, 296)
[22, 22] (581, 357)
[22, 22] (658, 418)
[22, 22] (734, 479)
[22, 22] (810, 540)
[22, 22] (886, 601)
[22, 22] (963, 662)
[22, 22] (1039, 723)
[22, 22] (1115, 785)
[22, 22] (1191, 846)
[22, 22] (1267, 907)
[28, 14] (19, 1517)
[28, 14] (75, 940)
[28, 14] (131, 364)
[28, 14] (187, 1588)
[28, 14] (243, 1011)
[28, 14] (299, 435)
[28, 14] (354, 1659)
[28, 14] (411, 1082)
[128, 128] (284, 228)
[10, 10] (132, 267)
[10, 10] (270, 79)
[10, 10] (408, 620)
[10, 10] (546, 433)
[10, 10] (685, 245)
[64, 64] (84, 552)
[64, 64] (219, 383)
[64, 64] (354, 214)
[64, 64] (489, 44)
[64, 64] (624, 620)
[233, 233] (42, 60)
[9, 9] (24, 1131)
[9, 9] (113, 634)
[9, 9] (202, 137)
[9, 9] (289, 786)
[9, 9] (377, 290)
[9, 9] (465, 939)
[9, 9] (553, 442)
[9, 9] (641, 1092)
[9, 9] (729, 595)
[9, 9] (817, 98)
[9, 9] (904, 747)
[9, 9] (992, 250)
[9, 9] (1079, 899)
[6, 6] (10, 1627)
[6, 6] (54, 1484)
[6, 6] (98, 1341)
[6, 6] (142, 1198)
[6, 6] (187, 1055)
[6, 6] (232, 912)
[6, 6] (276, 769)
[6, 6] (320, 625)
[6, 6] (364, 482)
[6, 6] (408, 338)
[6, 6] (452, 194)
[6, 6] (497, 51)
[6, 6] (540, 2188)
[6, 6] (584, 2045)
[6, 6] (628, 1902)
[6, 6] (672, 1758)
[6, 6] (716, 1615)
[6, 6] (760, 1472)
[6, 6] (804, 1329)
[6, 6] (848, 1186)
[6, 6] (892, 1043)
[6, 6] (936, 900)
[6, 6] (980, 757)
[6, 6] (1024, 613)
[6, 6] (1068, 470)
[6, 6] (1112, 326)
[6, 6] (1156, 182)
[6, 6] (1200, 39)
[6, 6] (1243, 2176)
[6, 6] (1287, 2033)
[6, 6] (1331, 1890)
[6, 6] (1375, 1746)
[6, 6] (1419, 1603)
[6, 6] (1463, 1460)
[6, 6] (1507, 1317)
[6, 6] (1551, 1174)
[6, 6] (1595, 1031)
[6, 6] (1639, 888)
[6, 6] (1683, 744)
[6, 6] (1727, 601)
[6, 6] (1772, 458)
[6, 6] (1816, 314)
[6, 6] (1860, 170)
[6, 6] (1904, 27)
[6, 6] (1947, 2164)
[6, 6] (1991, 2021)
[6, 6] (2035, 1878)
[6, 6] (2079, 1734)
[6, 6] (2123, 1591)
[6, 6] (2167, 1448)
[6, 6] (2211, 1305)
[6, 6] (2255, 1162)
[12, 12] (32, 711)
[12, 12] (105, 1360)
[12, 12] (179, 646)
[12, 12] (252, 1295)
[12, 12] (326, 581)
[12, 12] (401, 1230)
[12, 12] (475, 516)
[12, 12] (548, 1165)
[12, 12] (622, 450)
[12, 12] (695, 1100)
[12, 12] (770, 385)
[12, 12] (843, 1035)
[12, 12] (917, 319)
[12, 12] (990, 970)
[12, 12] (1064, 254)
[12, 12] (1137, 905)
[12, 12] (1212, 189)
[12, 12] (1285, 840)
[12, 12] (1359, 124)
[18, 18] (11, 207)
[18, 18] (147, 248)
[18, 18] (286, 289)
[18, 18] (422, 330)
[18, 18] (559, 371)
[18, 18] (695, 412)
[21, 21] (96, 103)
[21, 21] (238, 278)
[21, 21] (380, 451)
[21, 21] (522, 624)
[21, 21] (664, 87)
[258, 258] (136, 29)
[103, 103] (168, 232)
[71, 71] (86, 174)
[79, 79] (80, 149)
[79, 79] (320, 136)
[463, 463] (221, 240)
[257, 257] (0, 204)
[257, 257] (206, 370)
[257, 257] (414, 47)
[385, 385] (90, 18)
[624, 624] (141, 173)
[75, 75] (46, 279)
[75, 75] (127, 1002)
[75, 75] (208, 481)
[75, 75] (288, 1203)
[75, 75] (369, 682)
[75, 75] (450, 160)
[75, 75] (530, 884)
[75, 75] (611, 362)
[75, 75] (691, 1085)
[75, 75] (772, 564)
[75, 75] (853, 42)
[75, 75] (933, 765)
[75, 75] (1014, 243)
[75, 75] (1094, 967)
[75, 75] (1176, 445)
[276, 276] (112, 20)
[7, 7] (162, 119)
[27, 27] (176, 238)
[27, 27] (360, 505)
[27, 27] (544, 219)
[19, 19] (67, 446)
[19, 19] (248, 4)
[19, 19] (428, 124)
[0, 0] (38, 490)
[0, 0] (188, 140)
[0, 0] (337, 461)
[0, 0] (488, 111)
[0, 0] (638, 432)
[20, 20] (127, 104)
[20, 20] (345, 68)
[254, 254] (172, 206)
[77, 77] (93, 1)
[77, 77] (306, 152)
[56, 56] (32, 459)
[56, 56] (188, 330)
[56, 56] (343, 201)
[56, 56] (499, 72)
[104, 104] (21, 64)
[95, 95] (175, 187)
[95, 95] (391, 466)
[106, 106] (89, 412)
[106, 106] (297, 432)
[139, 139] (80, 113)
[61, 61] (195, 331)
[36, 36] (83, 525)
[36, 36] (235, 51)
[36, 36] (386, 243)
[36, 36] (538, 434)
[23, 23] (48, 139)
[1, 1] (150, 352)
[1616, 1616] (75, 33)
[13, 13] (105, 39)
[13, 13] (230, 793)
[13, 13] (356, 750)
[13, 13] (483, 707)
[13, 13] (609, 664)
[13, 13] (737, 621)
[85, 85] (84, 171)
[85, 85] (279, 334)
[85, 85] (476, 495)
[30, 30] (61, 213)
[30, 30] (143, 991)
[30, 30] (225, 541)
[30, 30] (307, 90)
[30, 30] (388, 868)
[30, 30] (470, 419)
[30, 30] (551, 1197)
[30, 30] (633, 746)
[30, 30] (715, 296)
[30, 30] (796, 1074)
[30, 30] (879, 624)
[30, 30] (961, 174)
[30, 30] (1044, 952)
[30, 30] (1126, 502)
[30, 30] (1208, 51)
[33, 33] (89, 569)
[33, 33] (251, 103)
[33, 33] (411, 266)
[33, 33] (572, 428)
[107, 107] (117, 207)
[70, 70] (108, 5)
[839, 839] (26, 171)
[73, 73] (37, 154)
[73, 73] (310, 156)
[535, 535] (16, 67)
[16, 16] (41, 521)
[16, 16] (116, 1152)
[16, 16] (192, 448)
[16, 16] (268, 1078)
[16, 16] (344, 375)
[16, 16] (419, 1004)
[16, 16] (495, 302)
[16, 16] (570, 930)
[16, 16] (646, 229)
[16, 16] (721, 857)
[16, 16] (797, 156)
[16, 16] (873, 784)
[16, 16] (949, 83)
[16, 16] (1024, 711)
[16, 16] (1101, 10)
[16, 16] (1177, 637)
[16, 16] (1253, 1267)
[16, 16] (1329, 563)
[43, 43] (310, 95)
[111, 111] (239, 335)
[32, 32] (20, 15)
[32, 32] (142, 70)
[32, 32] (264, 125)
[32, 32] (385, 183)
[32, 32] (506, 238)
[32, 32] (627, 294)
[32, 32] (749, 349)
[1374, 1374] (57, 58)
[39, 39] (159, 482)
[39, 39] (330, 523)
[39, 39] (501, 565)
[35, 35] (76, 416)
[35, 35] (261, 321)
[35, 35] (445, 225)
[388, 388] (211, 159)
[44, 44] (22, 214)
[44, 44] (209, 130)
[44, 44] (395, 44)
[1580, 1580] (4, 4)
[120, 120] (82, 336)
[120, 120] (320, 377)
[25, 25] (65, 584)
[25, 25] (204, 364)
[25, 25] (345, 146)
[25, 25] (484, 651)
[25, 25] (624, 431)
[42, 42] (81, 39)
[80, 80] (37, 28)
[130, 130] (269, 210)
[57, 57] (161, 159)
[49, 49] (13, 215)
[49, 49] (144, 527)
[49, 49] (277, 74)
[49, 49] (408, 386)
[49, 49] (539, 696)
[49, 49] (672, 243)
[633, 633] (25, 9)
[308, 308] (264, 154)
[58, 58] (282, 276)
[562, 562] (21, 13)
[694, 694] (141, 214)
[222, 222] (129, 121)
[89, 89] (210, 3)
[92, 92] (80, 150)
[109, 109] (156, 52)
[2328, 2328] (68, 5)
[53, 53] (101, 312)
[53, 53] (240, 233)
[53, 53] (379, 154)
[53, 53] (518, 75)
[53, 53] (659, 719)
[438, 438] (12, 167)
[54, 54] (28, 205)
[54, 54] (194, 50)
[54, 54] (359, 506)
[54, 54] (525, 351)
[143, 143] (106, 140)
[143, 143] (323, 133)
[1995, 1995] (65, 31)
[78, 78] (85, 2)
[78, 78] (353, 147)
[436, 436] (142, 48)
[81, 81] (131, 340)
[81, 81] (274, 230)
[81, 81] (415, 121)
[81, 81] (557, 10)
[81, 81] (697, 614)
[234, 234] (150, 300)
[234, 234] (402, 49)
[134, 134] (59, 462)
[134, 134] (274, 137)
[105, 105] (38, 88)
[41, 41] (125, 320)
[41, 41] (279, 259)
[41, 41] (435, 197)
[41, 41] (588, 136)
[74, 74] (106, 406)
[74, 74] (305, 131)
[74, 74] (502, 371)
[2187, 2187] (18, 43)
[46, 46] (122, 633)
[46, 46] (251, 530)
[46, 46] (381, 427)
[46, 46] (511, 324)
[46, 46] (640, 220)
[46, 46] (771, 115)
[65, 65] (110, 735)
[65, 65] (230, 777)
[65, 65] (350, 818)
[65, 65] (472, 15)
[65, 65] (591, 56)
[65, 65] (710, 97)
[65, 65] (829, 138)
[157, 157] (62, 99)
[232, 232] (224, 395)
[82, 82] (18, 213)
[195, 195] (43, 433)
[195, 195] (272, 87)
[789, 789] (9, 61)
[59, 59] (41, 44)
[129, 129] (14, 163)
[31, 31] (94, 342)
[31, 31] (369, 247)
[278, 278] (243, 408)
[320, 320] (141, 13)
[404, 404] (26, 286)
[404, 404] (325, 239)
[586, 586] (60, 96)
[72, 72] (130, 123)
[72, 72] (367, 349)
[249, 249] (221, 197)
[1411, 1411] (190, 10)
[297, 297] (259, 38)
[86, 86] (160, 59)
[94, 94] (189, 79)
[97, 97] (112, 13)
[343, 343] (277, 168)
[626, 626] (193, 143)
[1768, 1768] (66, 68)
[127, 127] (206, 303)
[127, 127] (436, 196)
[151, 151] (155, 100)
[505, 505] (17, 75)
[362, 362] (176, 168)
[759, 759] (55, 179)
[1373, 1373] (50, 96)
[149, 149] (146, 232)
[171, 171] (35, 252)
[171, 171] (305, 127)
[496, 496] (174, 69)
[229, 229] (175, 370)
[1003, 1003] (15, 28)
[123, 123] (123, 13)
[68, 68] (75, 30)
[68, 68] (213, 71)
[68, 68] (349, 112)
[68, 68] (486, 153)
[68, 68] (623, 194)
[2960, 2960] (117, 118)
[457, 457] (227, 179)
[2603, 2603] (89, 21)
[116, 116] (191, 97)
[88, 88] (163, 43)
[235, 235] (247, 215)
[185, 185] (170, 213)
[185, 185] (403, 396)
[63, 63] (189, 213)
[63, 63] (415, 311)
[179, 179] (267, 165)
[280, 280] (158, 39)
[223, 223] (223, 290)
[1795, 1795] (50, 79)
[98, 98] (215, 12)
[142, 142] (41, 42)
[246, 246] (281, 208)
[173, 173] (254, 356)
[255, 255] (144, 150)
[263, 263] (60, 34)
[516, 516] (96, 60)
[2900, 2900] (38, 35)
[137, 137] (62, 281)
[342, 342] (70, 47)
[288, 288] (66, 152)
[604, 604] (147, 104)
[1404, 1404] (80, 11)
[163, 163] (48, 101)
[122, 122] (31, 286)
[122, 122] (229, 408)
[122, 122] (430, 20)
[274, 274] (205, 173)
[245, 245] (47, 31)
[117, 117] (161, 53)
[90, 90] (249, 137)
[1399, 1399] (12, 58)
[1135, 1135] (150, 69)
[34, 34] (110, 474)
[34, 34] (322, 461)
[358, 358] (159, 0)
[871, 871] (65, 6)
[529, 529] (128, 131)
[841, 841] (87, 181)
[204, 204] (39, 126)
[93, 93] (10, 137)
[93, 93] (217, 367)
[93, 93] (428, 109)
[1024, 1024] (7, 70)
[1084, 1084] (28, 19)
[341, 341] (140, 129)
[374, 374] (225, 235)
[60, 60] (252, 233)
[4255, 4255] (47, 48)
[140, 140] (198, 50)
[9876, 9876] (21, 48)
[238, 238] (185, 22)
[8699, 8699] (8, 22)
[186, 186] (80, 608)
[186, 186] (208, 770)
[186, 186] (337, 149)
[186, 186] (466, 310)
[186, 186] (594, 472)
[186, 186] (723, 633)
[2951, 2951] (70, 17)
[382, 382] (217, 94)
[574, 574] (14, 144)
[240, 240] (133, 413)
[240, 240] (358, 288)
[747, 747] (81, 98)
[241, 241] (216, 171)
[312, 312] (65, 176)
[52, 52] (181, 159)
[159, 159] (24, 187)
[159, 159] (308, 77)
[180, 180] (124, 80)
[448, 448] (112, 11)
[166, 166] (187, 50)
[361, 361] (142, 196)
[207, 207] (113, 204)
[176, 176] (169, 11)
[576, 576] (58, 48)
[669, 669] (248, 104)
[299, 299] (114, 71)
[99, 99] (55, 6)
[545, 545] (118, 42)
[306, 306] (243, 146)
[737, 737] (215, 28)
[1860, 1860] (52, 74)
[197, 197] (130, 59)
[197, 197] (351, 180)
[2119, 2119] (38, 63)
[3198, 3198] (19, 18)
[115, 115] (265, 351)
[244, 244] (133, 46)
[1166, 1166] (25, 103)
[639, 639] (4, 90)
[500, 500] (29, 96)
[313, 313] (9, 17)
[444, 444] (36, 243)
[773, 773] (64, 7)
[364, 364] (181, 209)
[172, 172] (80, 186)
[699, 699] (24, 5)
[3552, 3552] (44, 71)
[1264, 1264] (26, 7)
[887, 887] (29, 53)
[650, 650] (116, 15)
[4159, 4159] (3, 12)
[1675, 1675] (56, 22)
[190, 190] (221, 204)
[1094, 1094] (9, 15)
[48, 48] (146, 80)
[118, 118] (262, 39)
[10828, 10828] (26, 2)
[346, 346] (134, 209)
[181, 181] (48, 421)
[181, 181] (276, 329)
[248, 248] (102, 8)
[3214, 3214] (82, 12)
[402, 402] (134, 152)
[383, 383] (108, 281)
[899, 899] (62, 93)
[1088, 1088] (141, 181)
[583, 583] (95, 70)
[419, 419] (153, 386)
[419, 419] (363, 129)
[728, 728] (149, 123)
[2851, 2851] (13, 78)
[395, 395] (85, 111)
[936, 936] (100, 129)
[577, 577] (191, 314)
[165, 165] (34, 144)
[919, 919] (51, 20)
[1754, 1754] (43, 108)
[2704, 2704] (8, 49)
[24, 24] (119, 92)
[40, 40] (227, 134)
[135, 135] (173, 279)
[221, 221] (151, 207)
[329, 329] (12, 50)
[563, 563] (88, 150)
[1185, 1185] (202, 18)
[840, 840] (73, 133)
[348, 348] (58, 244)
[348, 348] (288, 382)
[1717, 1717] (97, 45)
[144, 144] (150, 147)
[66, 66] (20, 257)
[66, 66] (312, 264)
[2547, 2547] (11, 103)
[209, 209] (126, 273)
[132, 132] (40, 188)
[132, 132] (292, 90)
[303, 303] (210, 75)
[296, 296] (54, 136)
[885, 885] (16, 46)
[295, 295] (88, 53)
[515, 515] (83, 134)
[23458, 23458] (23, 23)
[423, 423] (159, 37)
[3689, 3689] (56, 69)
[368, 368] (11, 175)
[527, 527] (58, 76)
[2892, 2892] (128, 34)
[992, 992] (20, 23)
[323, 323] (218, 223)
[11689, 11689] (27, 3)
[18066, 18066] (10, 23)
[236, 236] (62, 201)
[511, 511] (55, 59)
[1869, 1869] (39, 80)
[1150, 1150] (49, 8)
[5946, 5946] (52, 11)
[119, 119] (147, 24)
[405, 405] (207, 198)
[1526, 1526] (79, 1)
[1027, 1027] (28, 81)
[451, 451] (35, 55)
[3661, 3661] (70, 60)
[3355, 3355] (12, 45)
[5452, 5452] (35, 17)
[865, 865] (58, 73)
[1764, 1764] (9, 20)
[242, 242] (89, 442)
[242, 242] (302, 59)
[1239, 1239] (28, 69)
[909, 909] (63, 177)
[1211, 1211] (46, 163)
[8438, 8438] (14, 18)
[2250, 2250] (17, 54)
[3234, 3234] (121, 20)
[3571, 3571] (62, 44)
[706, 706] (57, 34)
[424, 424] (77, 102)
[690, 690] (52, 45)
[224, 224] (66, 51)
[150, 150] (93, 420)
[150, 150] (325, 348)
[328, 328] (153, 142)
[513, 513] (67, 47)
[3653, 3653] (31, 1)
[266, 266] (227, 104)
[305, 305] (31, 17)
[305, 305] (324, 260)
[416, 416] (289, 295)
[575, 575] (256, 151)
[108, 108] (179, 39)
[3959, 3959] (27, 25)
[477, 477] (12, 50)
[506, 506] (94, 91)
[600, 600] (134, 30)
[2654, 2654] (76, 39)
[3261, 3261] (217, 54)
[300, 300] (53, 79)
[1148, 1148] (10, 180)
[1148, 1148] (291, 100)
[704, 704] (165, 4)
[4287, 4287] (19, 26)
[836, 836] (22, 46)
[501, 501] (55, 23)
[3528, 3528] (14, 25)
[1698, 1698] (101, 14)
[214, 214] (12, 110)
[387, 387] (66, 2)
[1065, 1065] (118, 137)
[1470, 1470] (39, 103)
[767, 767] (37, 6)
[2354, 2354] (36, 57)
[1487, 1487] (14, 65)
[1827, 1827] (84, 58)
[3645, 3645] (1, 15)
[253, 253] (259, 266)
[38, 38] (221, 208)
[866, 866] (86, 28)
[3050, 3050] (9, 62)
[2330, 2330] (2, 40)
[780, 780] (202, 147)
[20027, 20027] (18, 8)
[565, 565] (46, 36)
[3806, 3806] (24, 0)
[1743, 1743] (90, 58)
[1314, 1314] (84, 5)
[838, 838] (37, 121)
[1541, 1541] (3, 30)
[7628, 7628] (7, 30)
[3867, 3867] (2, 12)
[20217, 20217] (17, 14)
[1474, 1474] (252, 144)
[1004, 1004] (38, 23)
[1332, 1332] (41, 82)
[1221, 1221] (10, 0)
[216, 216] (0, 80)
[2991, 2991] (64, 52)
[6348, 6348] (5, 60)
[1035, 1035] (76, 96)
[3343, 3343] (28, 4)
[16366, 16366] (22, 40)
[6477, 6477] (150, 105)
[488, 488] (54, 33)
[5323, 5323] (63, 56)
[3969, 3969] (14, 29)
[1925, 1925] (70, 6)
[35267, 35267] (13, 12)
[4061, 4061] (38, 15)
[6485, 6485] (28, 15)
[147, 147] (248, 54)
[426, 426] (17, 108)
[2434, 2434] (8, 29)
[534, 534] (244, 204)
[1877, 1877] (7, 48)
[9741, 9741] (51, 20)
[825, 825] (123, 135)
[2022, 2022] (42, 32)
[458, 458] (30, 142)
[2995, 2995] (80, 14)
[980, 980] (10, 259)
[625, 625] (151, 55)
[1343, 1343] (80, 48)
[6131, 6131] (29, 26)
[1241, 1241] (109, 116)
[3345, 3345] (11, 79)
[8152, 8152] (73, 27)
[1402, 1402] (21, 61)
[1937, 1937] (59, 169)
[12864, 12864] (46, 4)
[2652, 2652] (40, 23)
[2500, 2500] (114, 75)
[16918, 16918] (26, 16)
[6052, 6052] (28, 2)
[2363, 2363] (15, 58)
[10816, 10816] (44, 28)
[3628, 3628] (33, 72)
[1628, 1628] (114, 22)
[4231, 4231] (49, 61)
[2423, 2423] (7, 42)
[5693, 5693] (13, 11)
[4802, 4802] (8, 29)
[3929, 3929] (39, 57)
[344, 344] (96, 100)
[189, 189] (31, 174)
[1234, 1234] (3, 92)
[2626, 2626] (49, 31)
[3665, 3665] (84, 115)
Correct: 7994 Wrong: 6
[10501, 10501] (73, 74)
[1476, 1476] (49, 10)
[435, 435] (99, 70)
[4966, 4966] (7, 36)
[3980, 3980] (68, 43)
[6548, 6548] (88, 63)
[4918, 4918] (45, 37)
[3426, 3426] (61, 44)
[24385, 24385] (39, 4)
[1648, 1648] (95, 153)
[3313, 3313] (38, 0)
[2556, 2556] (124, 144)
[1957, 1957] (92, 32)
[5014, 5014] (43, 50)
[2407, 2407] (34, 16)
[12651, 12651] (33, 16)
[9051, 9051] (11, 3)
[307, 307] (129, 81)
[4388, 4388] (158, 130)
[2225, 2225] (66, 50)
[3165, 3165] (11, 37)
[9780, 9780] (4, 14)
[83528, 83528] (6, 11)
correct: 9995
wrong: 6
[1202, 1202] (107, 68)
[34363, 34363] (16, 27)
[192, 192] (103, 126)
[2999, 2999] (17, 4)
[642, 642] (256, 15)
[1187, 1187] (105, 69)
[2402, 2402] (31, 69)
[1103, 1103] (19, 40)
[2012, 2012] (32, 54)
[2042, 2042] (3, 77)
[6961, 6961] (6, 16)
[1584, 1584] (150, 164)
[417, 417] (20, 37)
[3524, 3524] (13, 28)
[917, 917] (60, 80)
[40769, 40769] (14, 21)
[8602, 8602] (35, 28)
[5876, 5876] (24, 12)
[9212, 9212] (99, 29)
[663, 663] (205, 216)
[455, 455] (191, 193)
[967, 967] (54, 124)
[1047, 1047] (40, 26)
[2365, 2365] (80, 93)
[784, 784] (184, 9)
[1032, 1032] (200, 17)
[281, 281] (123, 173)
[8246, 8246] (33, 26)
[4196, 4196] (73, 32)
[1014, 1014] (8, 14)
[551, 551] (94, 118)
[4355, 4355] (13, 15)
[9144, 9144] (21, 31)
[1231, 1231] (0, 25)
[2649, 2649] (39, 15)
[31886, 31886] (13, 31)
[3052, 3052] (66, 0)
[21987, 21987] (8, 2)
[745, 745] (128, 63)
[2695, 2695] (49, 98)
[6290, 6290] (13, 23)
[888, 888] (142, 189)
[26047, 26047] (6, 16)
[6915, 6915] (28, 54)
[734, 734] (125, 71)
[2133, 2133] (5, 17)
[8279, 8279] (44, 50)
[19060, 19060] (41, 40)
[8281, 8281] (20, 22)
[1443, 1443] (30, 29)
[22027, 22027] (5, 16)
[13609, 13609] (0, 21)
Correct: 15994 Wrong: 6
[9016, 9016] (8, 4)
[15235, 15235] (21, 12)
[6734, 6734] (22, 26)
[544, 544] (68, 11)
[5838, 5838] (55, 19)
[1057, 1057] (174, 17)
[8362, 8362] (28, 44)
[869, 869] (52, 11)
[4676, 4676] (37, 10)
[14919, 14919] (25, 40)
[1430, 1430] (6, 57)
[11040, 11040] (62, 54)
[5197, 5197] (25, 15)
[4522, 4522] (14, 79)
[2265, 2265] (8, 85)
[5712, 5712] (10, 6)
[2939, 2939] (81, 25)
[3118, 3118] (82, 25)
[193, 193] (152, 27)
[3758, 3758] (46, 47)
[1858, 1858] (4, 80)
[25780, 25780] (6, 11)
[9842, 9842] (26, 4)
[13414, 13414] (9, 15)
[6623, 6623] (24, 7)
[5648, 5648] (58, 14)
[2134, 2134] (60, 39)
correct: 19996
wrong: 6
[11310, 11310] (7, 23)
[21030, 21030] (1, 14)
[7838, 7838] (24, 30)
[4419, 4419] (28, 104)
[1503, 1503] (30, 19)
[2274, 2274] (69, 134)
[2051, 2051] (99, 186)
[18050, 18050] (29, 25)
[1567, 1567] (15, 36)
[3791, 3791] (48, 44)
[4206, 4206] (0, 77)
[33559, 33559] (16, 15)
[11512, 11512] (6, 31)
[9505, 9505] (0, 22)
[35016, 35016] (6, 2)
[1236, 1236] (91, 26)
[14051, 14051] (12, 13)
Correct: 23994 Wrong: 6
[3556, 3556] (3, 83)
[11100, 11100] (15, 20)
[4372, 4372] (31, 17)
[7774, 7774] (4, 2)
[6469, 6469] (25, 38)
[3149, 3149] (46, 16)
[9836, 9836] (10, 6)
[4031, 4031] (27, 7)
[14264, 14264] (12, 15)
[6633, 6633] (0, 0)
[15719, 15719] (46, 44)
[5341, 5341] (5, 41)
[15699, 15699] (1, 27)
[14747, 14747] (12, 33)
[17811, 17811] (8, 29)
[20717, 20717] (23, 18)
[7887, 7887] (102, 105)
[47099, 47099] (26, 13)
[16168, 16168] (18, 13)
[35602, 35602] (46, 45)
[70466, 70466] (13, 1)
[8739, 8739] (31, 36)
[3802, 3802] (30, 20)
[74332, 74332] (5, 17)
correct: 29997
wrong: 6
[9175, 9175] (15, 5)
[6596, 6596] (19, 24)
[15416, 15416] (34, 27)
[7265, 7265] (7, 1)
[11550, 11550] (4, 18)
Correct: 31994 Wrong: 6
[72590, 72590] (0, 7)
[16551, 16551] (12, 9)
[2918, 2918] (6, 0)
[2713, 2713] (27, 9)
[37059, 37059] (13, 16)
[19065, 19065] (54, 41)
[7017, 7017] (16, 14)
[30633, 30633] (18, 21)
[7990, 7990] (8, 49)
[52939, 52939] (13, 3)
[6559, 6559] (11, 2)
[11959, 11959] (21, 6)
[31064, 31064] (8, 59)
[3876, 3876] (44, 17)
[21714, 21714] (4, 10)
[73383, 73383] (20, 18)
[77028, 77028] (10, 3)
[37659, 37659] (16, 17)
[10177, 10177] (0, 79)
[3054, 3054] (8, 17)
[26014, 26014] (19, 13)
Correct: 39994 Wrong: 6
correct: 39998
wrong: 6
[16681, 16681] (3, 17)
[8873, 8873] (16, 18)
[13903, 13903] (6, 11)
[3449, 3449] (93, 6)
[4829, 4829] (4, 9)
[19036, 19036] (0, 16)
[45535, 45535] (29, 25)
[7065, 7065] (19, 8)
[3419, 3419] (82, 65)
[18952, 18952] (20, 5)
[49219, 49219] (5, 3)
[22836, 22836] (6, 32)
[34552, 34552] (15, 23)
[16952, 16952] (22, 23)
[11805, 11805] (26, 4)
[13037, 13037] (28, 19)
Correct: 47994 Wrong: 6
[948, 948] (172, 98)
[16279, 16279] (6, 12)
[924, 924] (54, 70)
[16697, 16697] (18, 9)
[58003, 58003] (4, 14)
correct: 49999
wrong: 6
[55257, 55257] (7, 13)
[10136, 10136] (5, 27)
[161826, 161826] (6, 4)
[11937, 11937] (5, 14)
[3008, 3008] (12, 51)
[102466, 102466] (13, 12)
[1686, 1686] (82, 2)
[11431, 11431] (15, 2)
[136652, 136652] (0, 11)
[24542, 24542] (14, 29)
Correct: 55994 Wrong: 6
[38387, 38387] (12, 16)
[24856, 24856] (14, 0)
[1625, 1625] (49, 78)
[12642, 12642] (2, 2)
[18541, 18541] (13, 27)
[94203, 94203] (11, 14)
correct: 60000
wrong: 6
[71462, 71462] (1, 2)
[14387, 14387] (5, 0)
[23250, 23250] (10, 8)
[272991, 272991] (7, 7)
[24186, 24186] (25, 20)
Correct: 63994 Wrong: 6
[40813, 40813] (0, 6)
[5888, 5888] (29, 12)
[15183, 15183] (10, 6)
[61642, 61642] (19, 37)
[10100, 10100] (27, 12)
[13096, 13096] (47, 21)
[15642, 15642] (1, 6)
correct: 70001
wrong: 6
[6277, 6277] (51, 40)
[18781, 18781] (15, 3)
[18951, 18951] (27, 13)
Correct: 71994 Wrong: 6
[4452, 4452] (34, 1)
[15506, 15506] (49, 10)
[1565, 1565] (45, 46)
[5645, 5645] (19, 54)
[30531, 30531] (1, 3)
[55961, 55961] (13, 12)
[6922, 6922] (18, 23)
[7551, 7551] (29, 23)
[177026, 177026] (4, 1)
Correct: 79994 Wrong: 6
correct: 80002
wrong: 6
[4566, 4566] (22, 61)
[20486, 20486] (24, 22)
[46683, 46683] (16, 18)
[107802, 107802] (1, 3)
[119009, 119009] (17, 0)
[294288, 294288] (5, 3)
[45584, 45584] (2, 6)
[10793, 10793] (8, 18)
Correct: 87994 Wrong: 6
[47389, 47389] (2, 22)
[53053, 53053] (11, 9)
[178046, 178046] (11, 3)
correct: 90003
wrong: 6
[429, 429] (82, 13)
[8470, 8470] (46, 39)
[43133, 43133] (19, 18)
[68264, 68264] (23, 10)
[6152, 6152] (37, 58)
Correct: 95994 Wrong: 6
[113069, 113069] (3, 0)
[16045, 16045] (25, 11)
[21672, 21672] (19, 26)
[43954, 43954] (16, 2)
correct: 100004
wrong: 6
[5611, 5611] (41, 48)
[76319, 76319] (9, 1)
[75837, 75837] (4, 3)
Correct: 103994 Wrong: 6
[90789, 90789] (10, 6)
[89214, 89214] (1, 4)
[99842, 99842] (24, 14)
[141200, 141200] (9, 5)
[19293, 19293] (37, 3)
[8829, 8829] (53, 51)
correct: 110005
wrong: 6
[277051, 277051] (4, 3)
Correct: 111994 Wrong: 6
[14908, 14908] (4, 9)
[10252, 10252] (28, 4)
[146263, 146263] (2, 0)
[1571, 1571] (6, 53)
[38338, 38338] (12, 16)
[15056, 15056] (45, 36)
[103173, 103173] (16, 12)
Correct: 119994 Wrong: 6
correct: 120006
wrong: 6
[22968, 22968] (22, 16)
[23025, 23025] (22, 0)
[106276, 106276] (5, 8)
[22544, 22544] (4, 9)
[35474, 35474] (30, 10)
Correct: 127994 Wrong: 6
[77478, 77478] (1, 21)
correct: 130007
wrong: 6
[134266, 134266] (1, 14)
[125729, 125729] (1, 0)
[59716, 59716] (2, 4)
[237018, 237018] (0, 0)
Correct: 135994 Wrong: 6
[28183, 28183] (26, 22)
[17458, 17458] (5, 3)
correct: 140008
wrong: 6
[16271, 16271] (3, 1)
[35553, 35553] (3, 15)
Correct: 143994 Wrong: 6
[363788, 363788] (7, 0)
[172369, 172369] (6, 9)
[20643, 20643] (9, 2)
[8277, 8277] (18, 17)
correct: 150009
wrong: 6
[45134, 45134] (17, 0)
Correct: 151994 Wrong: 6
[76479, 76479] (2, 3)
[338981, 338981] (1, 4)
[8337, 8337] (3, 6)
[288752, 288752] (2, 5)
Correct: 159994 Wrong: 6
correct: 160010
wrong: 6
[63247, 63247] (9, 12)
[7557, 7557] (0, 16)
[47468, 47468] (24, 18)
Correct: 167994 Wrong: 6
[35140, 35140] (4, 6)
correct: 170011
wrong: 6
[121628, 121628] (1, 3)
[112599, 112599] (8, 0)
[358749, 358749] (0, 0)
[17747, 17747] (7, 19)
Correct: 175994 Wrong: 6
[34833, 34833] (12, 4)
correct: 180012
wrong: 6
[27189, 27189] (2, 41)
[5664, 5664] (36, 37)
Correct: 183994 Wrong: 6
[28109, 28109] (10, 8)
[19669, 19669] (10, 15)
correct: 190013
wrong: 6
[111110, 111110] (7, 4)
Correct: 191994 Wrong: 6
[64007, 64007] (10, 10)
[67440, 67440] (1, 21)
[47070, 47070] (13, 17)
[45269, 45269] (13, 11)
Correct: 199994 Wrong: 6
correct: 200014
wrong: 6
[39652, 39652] (16, 24)
[355673, 355673] (4, 6)
[83307, 83307] (9, 9)
Correct: 207994 Wrong: 6
[29492, 29492] (3, 44)
correct: 210015
wrong: 6
[6389, 6389] (31, 12)
[168464, 168464] (11, 5)
Correct: 215994 Wrong: 6
[40288, 40288] (9, 0)
correct: 220016
wrong: 6
[208302, 208302] (3, 10)
[44439, 44439] (7, 7)
Correct: 223994 Wrong: 6
[6947, 6947] (37, 0)
[63503, 63503] (10, 7)
correct: 230017
wrong: 6
[4760, 4760] (56, 8)
Correct: 231994 Wrong: 6
[44077, 44077] (12, 12)
[53693, 53693] (4, 2)
[27441, 27441] (6, 4)
Correct: 239994 Wrong: 6
correct: 240018
wrong: 6
[27433, 27433] (12, 2)
[212194, 212194] (1, 5)
Correct: 247994 Wrong: 6
[57449, 57449] (5, 0)
correct: 250019
wrong: 6
[31176, 31176] (6, 3)
[274131, 274131] (6, 1)
Correct: 255994 Wrong: 6
[28614, 28614] (58, 20)
correct: 260020
wrong: 6
[169957, 169957] (23, 19)
Correct: 263994 Wrong: 6
[81758, 81758] (7, 0)
correct: 270021
wrong: 6
Correct: 271994 Wrong: 6
[82218, 82218] (1, 11)
[56603, 56603] (7, 7)
Correct: 279994 Wrong: 6
[501823, 501823] (1, 1)
correct: 280022
wrong: 6
[3367, 3367] (40, 43)
[4545, 4545] (80, 1)
Correct: 287994 Wrong: 6
correct: 290023
wrong: 6
[7112, 7112] (42, 5)
Correct: 295994 Wrong: 6
[152081, 152081] (10, 10)
correct: 300024
wrong: 6
[117304, 117304] (16, 14)
Correct: 303994 Wrong: 6
[57667, 57667] (10, 5)
[95867, 95867] (17, 0)
correct: 310025
wrong: 6
Correct: 311994 Wrong: 6
[416548, 416548] (0, 0)
[460902, 460902] (1, 1)
Correct: 319994 Wrong: 6
correct: 320026
wrong: 6
[272283, 272283] (10, 5)
[76857, 76857] (18, 25)
Correct: 327994 Wrong: 6
correct: 330027
wrong: 6
[29552, 29552] (6, 10)
Correct: 335994 Wrong: 6
[8705, 8705] (1, 16)
correct: 340028
wrong: 6
[50913, 50913] (4, 18)
Correct: 343994 Wrong: 6
[57531, 57531] (4, 7)
correct: 350029
wrong: 6
Correct: 351994 Wrong: 6
[398100, 398100] (0, 2)
[12031, 12031] (2, 15)
Correct: 359994 Wrong: 6
correct: 360030
wrong: 6
[47427, 47427] (5, 8)
Correct: 367994 Wrong: 6
correct: 370031
wrong: 6
[35517, 35517] (22, 0)
Correct: 375994 Wrong: 6
[215725, 215725] (1, 1)
correct: 380032
wrong: 6
[293490, 293490] (1, 3)
Correct: 383994 Wrong: 6
[9151, 9151] (7, 10)
correct: 390033
wrong: 6
Correct: 391994 Wrong: 6
[54496, 54496] (27, 6)
[180027, 180027] (1, 5)
Correct: 399994 Wrong: 6
correct: 400034
wrong: 6
[193370, 193370] (10, 1)
Correct: 407994 Wrong: 6
correct: 410035
wrong: 6
[32983, 32983] (5, 5)
Correct: 415994 Wrong: 6
[162300, 162300] (1, 12)
correct: 420036
wrong: 6
Correct: 423994 Wrong: 6
[75373, 75373] (7, 7)
correct: 430037
wrong: 6
[338251, 338251] (4, 1)
Correct: 431994 Wrong: 6
[117564, 117564] (7, 11)
Correct: 439994 Wrong: 6
correct: 440038
wrong: 6
[33360, 33360] (34, 5)
Correct: 447994 Wrong: 6
correct: 450039
wrong: 6
[89002, 89002] (36, 1)
Correct: 455994 Wrong: 6
[152939, 152939] (14, 5)
correct: 460040
wrong: 6
Correct: 463994 Wrong: 6
[73075, 73075] (8, 11)
correct: 470041
wrong: 6
Correct: 471994 Wrong: 6
[237923, 237923] (4, 0)
Correct: 479994 Wrong: 6
correct: 480042
wrong: 6
[20745, 20745] (23, 23)
[39345, 39345] (38, 37)
Correct: 487994 Wrong: 6
correct: 490043
wrong: 6
[93172, 93172] (22, 17)
Correct: 495994 Wrong: 6
correct: 500044
wrong: 6
[146841, 146841] (10, 4)
Correct: 503994 Wrong: 6
correct: 510045
wrong: 6
[408949, 408949] (2, 2)
Correct: 511994 Wrong: 6
[274645, 274645] (7, 5)
Correct: 519994 Wrong: 6
correct: 520046
wrong: 6
Correct: 527994 Wrong: 6
[75858, 75858] (8, 9)
correct: 530047
wrong: 6
Correct: 535994 Wrong: 6
[583517, 583517] (5, 6)
correct: 540048
wrong: 6
Correct: 543994 Wrong: 6
[141320, 141320] (1, 9)
correct: 550049
wrong: 6
Correct: 551994 Wrong: 6
[372933, 372933] (9, 1)
Correct: 559994 Wrong: 6
correct: 560050
wrong: 6
[33882, 33882] (2, 1)
Correct: 567994 Wrong: 6
correct: 570051
wrong: 6
[158047, 158047] (5, 0)
Correct: 575994 Wrong: 6
correct: 580052
wrong: 6
[274821, 274821] (0, 5)
Correct: 583994 Wrong: 6
correct: 590053
wrong: 6
Correct: 591994 Wrong: 6
[59720, 59720] (2, 8)
Correct: 599994 Wrong: 6
correct: 600054
wrong: 6
[270233, 270233] (2, 9)
Correct: 607994 Wrong: 6
correct: 610055
wrong: 6
[58944, 58944] (3, 1)
Correct: 615994 Wrong: 6
correct: 620056
wrong: 6
Correct: 623994 Wrong: 6
[217865, 217865] (4, 5)
correct: 630057
wrong: 6
Correct: 631994 Wrong: 6
[137113, 137113] (5, 12)
Correct: 639994 Wrong: 6
correct: 640058
wrong: 6
Correct: 647994 Wrong: 6
[112002, 112002] (0, 7)
correct: 650059
wrong: 6
Correct: 655994 Wrong: 6
correct: 660060
wrong: 6
[420086, 420086] (1, 3)
Correct: 663994 Wrong: 6
correct: 670061
wrong: 6
Correct: 671994 Wrong: 6
[224025, 224025] (0, 1)
Correct: 679994 Wrong: 6
correct: 680062
wrong: 6
[39853, 39853] (6, 4)
Correct: 687994 Wrong: 6
correct: 690063
wrong: 6
Correct: 695994 Wrong: 6
[43985, 43985] (0, 0)
correct: 700064
wrong: 6
Correct: 703994 Wrong: 6
[134959, 134959] (8, 5)
correct: 710065
wrong: 6
Correct: 711994 Wrong: 6
Correct: 719994 Wrong: 6
correct: 720066
wrong: 6
[423179, 423179] (4, 5)
Correct: 727994 Wrong: 6
correct: 730067
wrong: 6
Correct: 735994 Wrong: 6
[784590, 784590] (0, 2)
correct: 740068
wrong: 6
Correct: 743994 Wrong: 6
correct: 750069
wrong: 6
[192308, 192308] (1, 0)
Correct: 751994 Wrong: 6
Correct: 759994 Wrong: 6
correct: 760070
wrong: 6
[78134, 78134] (7, 16)
Correct: 767994 Wrong: 6
correct: 770071
wrong: 6
Correct: 775994 Wrong: 6
[171653, 171653] (2, 9)
correct: 780072
wrong: 6
Correct: 783994 Wrong: 6
correct: 790073
wrong: 6
Correct: 791994 Wrong: 6
[365841, 365841] (1, 7)
Correct: 799994 Wrong: 6
correct: 800074
wrong: 6
Correct: 807994 Wrong: 6
[201292, 201292] (4, 2)
correct: 810075
wrong: 6
Correct: 815994 Wrong: 6
correct: 820076
wrong: 6
Correct: 823994 Wrong: 6
[392257, 392257] (0, 4)
correct: 830077
wrong: 6
Correct: 831994 Wrong: 6
Correct: 839994 Wrong: 6
correct: 840078
wrong: 6
[28954, 28954] (10, 6)
Correct: 847994 Wrong: 6
correct: 850079
wrong: 6
Correct: 855994 Wrong: 6
[272968, 272968] (12, 3)
correct: 860080
wrong: 6
Correct: 863994 Wrong: 6
correct: 870081
wrong: 6
Correct: 871994 Wrong: 6
[215973, 215973] (10, 4)
Correct: 879994 Wrong: 6
correct: 880082
wrong: 6
Correct: 887994 Wrong: 6
correct: 890083
wrong: 6
[56270, 56270] (12, 7)
Correct: 895994 Wrong: 6
correct: 900084
wrong: 6
Correct: 903994 Wrong: 6
correct: 910085
wrong: 6
Correct: 911994 Wrong: 6
[24970, 24970] (27, 30)
Correct: 919994 Wrong: 6
correct: 920086
wrong: 6
Correct: 927994 Wrong: 6
correct: 930087
wrong: 6
[26834, 26834] (13, 1)
Correct: 935994 Wrong: 6
correct: 940088
wrong: 6
Correct: 943994 Wrong: 6
correct: 950089
wrong: 6
Correct: 951994 Wrong: 6
[501340, 501340] (3, 3)
Correct: 959994 Wrong: 6
correct: 960090
wrong: 6
Correct: 967994 Wrong: 6
correct: 970091
wrong: 6
Correct: 975994 Wrong: 6
[110388, 110388] (7, 8)
correct: 980092
wrong: 6
Correct: 983992 Wrong: 8
correct: 990091
wrong: 8
Correct: 991991 Wrong: 9
END algorithm time: Mon Nov 30 11:48:25 2015
pgm: 
----------RESULT----------
pgm results for N = 1000000; s = 1; nb_seed = 210
	common nodes count G1 and G2 = 1000000
	matched = 999994
	correct matches = 999982	 wrong matches = 12
	recall = 0.999982
	precision = 0.999988
	F1-score = 0.999985
