Start read graph
n = 1000000
Graph created
N = 1000000
E = 2.99999e+06
p = 5.99999e-06
THEOREM 1:
	n^(-1) << p <= n^(-5/6 - e) 	e = 0.001	[1/6 > e > 0]
	1e-06 << p <= 9.86279e-06 (OK)
pt = 1
ps = 1
r = 2
a_c = 13888.9: initial seed set.
------------------------------------
Generate G1
	generate subgraph
	V_count = 1000000
Generate G2
	generate subgraph
	V_count = 1000000
same = 1000000;  N * pt * pt = 1e+06
0
Done with the seeds!
[4, 4] (36, 2177)
[4, 4] (72, 1557)
[4, 4] (108, 938)
[4, 4] (144, 319)
[4, 4] (179, 2496)
[4, 4] (215, 1877)
[4, 4] (251, 1257)
[4, 4] (287, 638)
[4, 4] (323, 18)
[4, 4] (359, 2196)
[4, 4] (395, 1576)
[4, 4] (431, 957)
[4, 4] (467, 338)
[4, 4] (502, 2515)
[4, 4] (538, 1896)
[4, 4] (574, 1276)
[4, 4] (610, 657)
[4, 4] (646, 37)
[4, 4] (681, 2215)
[4, 4] (717, 1595)
[4, 4] (753, 976)
[4, 4] (789, 357)
[4, 4] (824, 2534)
[4, 4] (860, 1915)
[4, 4] (896, 1295)
[4, 4] (932, 676)
[4, 4] (968, 56)
[4, 4] (1003, 2234)
[4, 4] (1039, 1614)
[4, 4] (1075, 995)
[4, 4] (1111, 376)
[4, 4] (1146, 2553)
[4, 4] (1182, 1934)
[4, 4] (1218, 1314)
[4, 4] (1254, 695)
[4, 4] (1290, 75)
[4, 4] (1325, 2253)
[4, 4] (1361, 1634)
[4, 4] (1397, 1014)
[4, 4] (1433, 395)
[4, 4] (1468, 2572)
[4, 4] (1504, 1953)
[4, 4] (1540, 1333)
[4, 4] (1576, 714)
[4, 4] (1612, 94)
[4, 4] (1647, 2272)
[4, 4] (1683, 1653)
[4, 4] (1719, 1033)
[4, 4] (1755, 414)
[4, 4] (1790, 2591)
[4, 4] (1826, 1972)
[4, 4] (1862, 1352)
[4, 4] (1898, 733)
[4, 4] (1934, 113)
[4, 4] (1969, 2291)
[4, 4] (2005, 1672)
[4, 4] (2041, 1052)
[4, 4] (2077, 433)
[4, 4] (2112, 2610)
[4, 4] (2148, 1991)
[4, 4] (2184, 1371)
[4, 4] (2220, 752)
[4, 4] (2256, 132)
[4, 4] (2291, 2310)
[4, 4] (2327, 1691)
[4, 4] (2363, 1071)
[4, 4] (2399, 452)
[4, 4] (2434, 2629)
[4, 4] (2470, 2010)
[4, 4] (2506, 1390)
[4, 4] (2542, 771)
[4, 4] (2578, 151)
[4, 4] (2613, 2329)
[4, 4] (2649, 1710)
[4, 4] (2685, 1090)
[4, 4] (2721, 471)
[4, 4] (2756, 2648)
[4, 4] (2792, 2029)
[25, 25] (123, 694)
[25, 25] (262, 337)
[25, 25] (401, 702)
[25, 25] (540, 345)
[25, 25] (678, 710)
[44, 44] (123, 232)
[44, 44] (311, 148)
[44, 44] (496, 63)
[5, 5] (37, 987)
[5, 5] (88, 210)
[5, 5] (138, 1413)
[5, 5] (189, 638)
[5, 5] (239, 1839)
[5, 5] (290, 1064)
[5, 5] (341, 287)
[5, 5] (391, 1490)
[5, 5] (442, 715)
[5, 5] (492, 1916)
[5, 5] (543, 1141)
[5, 5] (594, 365)
[5, 5] (644, 1567)
[5, 5] (695, 792)
[5, 5] (746, 15)
[5, 5] (796, 1218)
[5, 5] (847, 442)
[5, 5] (897, 1644)
[5, 5] (948, 869)
[5, 5] (999, 92)
[5, 5] (1049, 1295)
[5, 5] (1100, 520)
[5, 5] (1150, 1721)
[5, 5] (1201, 946)
[5, 5] (1252, 169)
[5, 5] (1302, 1372)
[5, 5] (1353, 597)
[5, 5] (1403, 1798)
[5, 5] (1454, 1023)
[5, 5] (1505, 246)
[5, 5] (1556, 1449)
[5, 5] (1608, 674)
[5, 5] (1658, 1875)
[5, 5] (1709, 1100)
[5, 5] (1761, 324)
[5, 5] (1811, 1526)
[5, 5] (1862, 751)
[5, 5] (1912, 1952)
[5, 5] (1963, 1177)
[14, 14] (38, 1275)
[14, 14] (94, 643)
[14, 14] (150, 11)
[14, 14] (205, 1179)
[14, 14] (261, 547)
[14, 14] (316, 1714)
[14, 14] (372, 1083)
[14, 14] (428, 451)
[14, 14] (483, 1618)
[14, 14] (539, 987)
[14, 14] (595, 355)
[14, 14] (650, 1522)
[14, 14] (706, 891)
[14, 14] (762, 259)
[14, 14] (817, 1426)
[14, 14] (873, 794)
[14, 14] (929, 163)
[14, 14] (985, 1330)
[14, 14] (1042, 698)
[14, 14] (1098, 67)
[14, 14] (1153, 1234)
[14, 14] (1209, 602)
[14, 14] (1264, 1770)
[14, 14] (1320, 1138)
[14, 14] (1376, 506)
[14, 14] (1431, 1673)
[14, 14] (1487, 1042)
[14, 14] (1543, 410)
[14, 14] (1598, 1577)
[14, 14] (1654, 946)
[14, 14] (1711, 314)
[14, 14] (1766, 1481)
[26, 26] (49, 203)
[26, 26] (173, 164)
[26, 26] (295, 125)
[26, 26] (418, 86)
[26, 26] (540, 47)
[26, 26] (662, 8)
[26, 26] (783, 791)
[3, 3] (37, 244)
[3, 3] (91, 1372)
[3, 3] (146, 667)
[3, 3] (200, 1795)
[3, 3] (255, 1090)
[3, 3] (310, 386)
[3, 3] (364, 1514)
[3, 3] (419, 809)
[3, 3] (475, 103)
[3, 3] (530, 1233)
[3, 3] (585, 528)
[3, 3] (639, 1656)
[3, 3] (694, 951)
[3, 3] (749, 247)
[3, 3] (803, 1375)
[3, 3] (858, 670)
[3, 3] (912, 1798)
[3, 3] (967, 1093)
[3, 3] (1022, 389)
[3, 3] (1076, 1517)
[3, 3] (1131, 812)
[3, 3] (1186, 106)
[3, 3] (1240, 1236)
[3, 3] (1295, 531)
[3, 3] (1349, 1659)
[3, 3] (1404, 954)
[3, 3] (1459, 250)
[3, 3] (1513, 1378)
[3, 3] (1568, 673)
[3, 3] (1622, 1801)
[3, 3] (1678, 1096)
[3, 3] (1733, 392)
[3, 3] (1787, 1520)
[12, 12] (11, 492)
[12, 12] (84, 1142)
[12, 12] (158, 426)
[12, 12] (232, 1075)
[12, 12] (306, 361)
[12, 12] (379, 1010)
[12, 12] (453, 296)
[12, 12] (526, 945)
[12, 12] (600, 231)
[12, 12] (674, 880)
[12, 12] (749, 165)
[12, 12] (823, 815)
[12, 12] (897, 100)
[12, 12] (970, 750)
[12, 12] (1044, 35)
[12, 12] (1117, 685)
[12, 12] (1190, 1335)
[12, 12] (1264, 620)
[12, 12] (1337, 1270)
[6, 6] (27, 1711)
[6, 6] (71, 1568)
[6, 6] (115, 1425)
[6, 6] (159, 1282)
[6, 6] (203, 1138)
[6, 6] (247, 995)
[6, 6] (291, 851)
[6, 6] (337, 708)
[6, 6] (381, 565)
[6, 6] (425, 421)
[6, 6] (469, 277)
[6, 6] (513, 134)
[6, 6] (556, 2271)
[6, 6] (600, 2128)
[6, 6] (644, 1985)
[6, 6] (688, 1842)
[6, 6] (732, 1699)
[6, 6] (776, 1556)
[6, 6] (820, 1413)
[6, 6] (864, 1270)
[6, 6] (908, 1126)
[6, 6] (952, 983)
[6, 6] (996, 839)
[6, 6] (1040, 696)
[6, 6] (1084, 553)
[6, 6] (1128, 409)
[6, 6] (1172, 265)
[6, 6] (1216, 122)
[6, 6] (1259, 2259)
[6, 6] (1303, 2116)
[6, 6] (1347, 1973)
[6, 6] (1392, 1830)
[6, 6] (1436, 1687)
[6, 6] (1480, 1544)
[6, 6] (1524, 1401)
[6, 6] (1568, 1258)
[6, 6] (1612, 1114)
[6, 6] (1656, 971)
[6, 6] (1700, 827)
[6, 6] (1744, 684)
[6, 6] (1788, 541)
[6, 6] (1833, 397)
[6, 6] (1877, 253)
[6, 6] (1921, 110)
[6, 6] (1964, 2247)
[6, 6] (2008, 2104)
[6, 6] (2052, 1961)
[6, 6] (2096, 1818)
[6, 6] (2140, 1675)
[6, 6] (2184, 1532)
[6, 6] (2228, 1389)
[6, 6] (2272, 1246)
[9, 9] (6, 352)
[9, 9] (93, 915)
[9, 9] (181, 329)
[9, 9] (269, 892)
[9, 9] (357, 306)
[9, 9] (444, 869)
[9, 9] (533, 283)
[9, 9] (620, 846)
[9, 9] (708, 260)
[9, 9] (796, 822)
[9, 9] (884, 237)
[9, 9] (971, 798)
[9, 9] (1059, 214)
[2, 2] (0, 778)
[2, 2] (81, 174)
[2, 2] (161, 818)
[2, 2] (242, 214)
[2, 2] (322, 858)
[2, 2] (403, 254)
[2, 2] (484, 898)
[2, 2] (567, 294)
[2, 2] (647, 938)
[2, 2] (728, 334)
[2, 2] (808, 978)
[2, 2] (889, 374)
[2, 2] (969, 1018)
[2, 2] (1050, 414)
[2, 2] (1130, 1058)
[2, 2] (1212, 455)
[10, 10] (81, 229)
[10, 10] (221, 178)
[10, 10] (359, 129)
[10, 10] (497, 80)
[10, 10] (636, 31)
[17, 17] (131, 98)
[18, 18] (93, 657)
[18, 18] (229, 562)
[18, 18] (366, 467)
[18, 18] (503, 371)
[18, 18] (639, 276)
[15, 15] (28, 419)
[15, 15] (169, 621)
[15, 15] (310, 99)
[15, 15] (449, 298)
[15, 15] (588, 498)
[21, 21] (7, 55)
[21, 21] (149, 371)
[21, 21] (293, 687)
[21, 21] (435, 290)
[21, 21] (576, 607)
[47, 47] (4, 990)
[47, 47] (100, 863)
[47, 47] (196, 736)
[47, 47] (292, 609)
[47, 47] (388, 481)
[47, 47] (485, 354)
[47, 47] (581, 226)
[47, 47] (678, 99)
[47, 47] (773, 1017)
[47, 47] (869, 890)
[47, 47] (966, 763)
[148, 148] (134, 30)
[70, 70] (274, 350)
[233, 233] (229, 283)
[150, 150] (190, 220)
[150, 150] (420, 359)
[266, 266] (200, 11)
[36, 36] (72, 548)
[36, 36] (224, 75)
[36, 36] (375, 267)
[36, 36] (527, 457)
[63, 63] (25, 46)
[63, 63] (251, 369)
[93, 93] (23, 307)
[93, 93] (232, 327)
[93, 93] (440, 347)
[541, 541] (61, 67)
[22, 22] (59, 402)
[22, 22] (136, 463)
[22, 22] (212, 524)
[22, 22] (288, 585)
[22, 22] (364, 646)
[22, 22] (440, 707)
[22, 22] (516, 768)
[22, 22] (592, 829)
[22, 22] (668, 891)
[22, 22] (744, 952)
[22, 22] (821, 1013)
[22, 22] (898, 1074)
[22, 22] (974, 1135)
[22, 22] (1050, 1196)
[22, 22] (1126, 1257)
[22, 22] (1203, 0)
[22, 22] (1279, 62)
[28, 28] (114, 399)
[28, 28] (356, 78)
[8, 8] (19, 380)
[8, 8] (129, 501)
[8, 8] (240, 622)
[8, 8] (350, 743)
[8, 8] (462, 865)
[8, 8] (573, 75)
[8, 8] (683, 196)
[8, 8] (793, 317)
[8, 8] (903, 440)
[74, 74] (184, 28)
[74, 74] (380, 267)
[42, 42] (98, 245)
[157, 157] (30, 99)
[149, 149] (241, 282)
[30, 30] (25, 466)
[30, 30] (106, 1163)
[30, 30] (189, 630)
[30, 30] (271, 99)
[30, 30] (352, 796)
[30, 30] (434, 263)
[30, 30] (516, 960)
[30, 30] (598, 427)
[30, 30] (679, 1124)
[30, 30] (762, 591)
[30, 30] (844, 60)
[30, 30] (925, 756)
[30, 30] (1007, 224)
[30, 30] (1088, 921)
[30, 30] (1170, 388)
[13, 13] (35, 301)
[13, 13] (163, 384)
[13, 13] (289, 467)
[13, 13] (416, 551)
[13, 13] (542, 634)
[13, 13] (668, 718)
[13, 13] (796, 4)
[16, 16] (74, 1091)
[16, 16] (150, 314)
[16, 16] (226, 867)
[16, 16] (302, 89)
[16, 16] (377, 643)
[16, 16] (452, 1194)
[16, 16] (528, 418)
[16, 16] (604, 970)
[16, 16] (681, 192)
[16, 16] (756, 746)
[16, 16] (831, 1298)
[16, 16] (907, 522)
[16, 16] (982, 1073)
[16, 16] (1058, 296)
[16, 16] (1134, 849)
[16, 16] (1210, 71)
[16, 16] (1285, 625)
[33, 33] (28, 224)
[33, 33] (189, 386)
[33, 33] (351, 549)
[33, 33] (512, 83)
[32, 32] (10, 162)
[32, 32] (132, 94)
[32, 32] (254, 28)
[32, 32] (375, 792)
[32, 32] (496, 726)
[32, 32] (617, 660)
[32, 32] (738, 594)
[564, 564] (145, 56)
[39, 39] (49, 409)
[39, 39] (220, 450)
[39, 39] (390, 491)
[39, 39] (562, 533)
[41, 41] (127, 425)
[41, 41] (280, 364)
[41, 41] (434, 302)
[41, 41] (589, 241)
[46, 46] (65, 471)
[46, 46] (194, 238)
[46, 46] (324, 5)
[46, 46] (453, 552)
[46, 46] (582, 319)
[46, 46] (712, 86)
[107, 107] (155, 283)
[49, 49] (69, 496)
[49, 49] (201, 43)
[49, 49] (332, 355)
[49, 49] (466, 665)
[49, 49] (598, 213)
[49, 49] (729, 524)
[932, 932] (81, 45)
[35, 35] (97, 107)
[35, 35] (281, 12)
[35, 35] (464, 463)
[130, 130] (174, 152)
[73, 73] (126, 201)
[3628, 3628] (55, 14)
[98, 98] (37, 34)
[98, 98] (270, 277)
[385, 385] (121, 68)
[57, 57] (32, 373)
[57, 57] (300, 358)
[221, 221] (235, 124)
[40, 40] (190, 29)
[24, 24] (184, 125)
[119, 119] (136, 193)
[58, 58] (171, 108)
[29, 29] (41, 844)
[29, 29] (122, 1086)
[29, 29] (203, 78)
[29, 29] (284, 320)
[29, 29] (364, 561)
[29, 29] (445, 802)
[29, 29] (525, 1044)
[29, 29] (606, 36)
[29, 29] (686, 278)
[29, 29] (766, 519)
[29, 29] (846, 760)
[29, 29] (927, 1002)
[29, 29] (1007, 1244)
[29, 29] (1088, 236)
[29, 29] (1168, 477)
[29, 29] (1248, 718)
[0, 0] (114, 295)
[0, 0] (263, 617)
[0, 0] (414, 266)
[0, 0] (563, 588)
[19, 19] (47, 419)
[19, 19] (228, 538)
[19, 19] (409, 96)
[52, 52] (44, 13)
[52, 52] (335, 79)
[159, 159] (271, 2)
[20, 20] (137, 437)
[20, 20] (354, 401)
[153, 153] (10, 64)
[45, 50] (66, 29)
[45, 50] (200, 66)
[45, 50] (336, 103)
[60, 60] (233, 346)
[269, 269] (241, 124)
[1, 1] (67, 104)
[1, 1] (326, 267)
[128, 128] (25, 229)
[134, 134] (43, 326)
[134, 134] (258, 2)
[134, 134] (471, 152)
[75, 75] (33, 248)
[75, 75] (114, 1052)
[75, 75] (195, 611)
[75, 75] (276, 171)
[75, 75] (356, 974)
[75, 75] (437, 534)
[75, 75] (520, 93)
[75, 75] (600, 897)
[75, 75] (681, 456)
[75, 75] (762, 16)
[75, 75] (842, 819)
[75, 75] (923, 379)
[75, 75] (1003, 1183)
[75, 75] (1084, 742)
[75, 75] (1165, 302)
[606, 606] (43, 16)
[229, 229] (27, 359)
[229, 229] (284, 28)
[319, 319] (25, 92)
[103, 103] (66, 177)
[103, 103] (337, 110)
[50, 45] (105, 216)
[50, 45] (401, 212)
[50, 45] (697, 208)
[79, 79] (32, 124)
[79, 79] (272, 111)
[38, 38] (88, 262)
[38, 38] (341, 9)
[11, 11] (25, 380)
[11, 11] (161, 10)
[11, 11] (296, 384)
[11, 11] (435, 14)
[11, 11] (570, 388)
[11, 11] (706, 18)
[143, 143] (160, 110)
[143, 143] (379, 103)
[112, 112] (121, 170)
[112, 112] (330, 269)
[1562, 1562] (76, 4)
[71, 71] (254, 143)
[362, 362] (286, 8)
[120, 120] (208, 109)
[4732, 4732] (93, 4)
[34, 34] (45, 295)
[34, 34] (257, 69)
[34, 34] (469, 322)
[90, 90] (99, 300)
[422, 422] (7, 13)
[72, 72] (106, 140)
[72, 72] (344, 366)
[173, 173] (175, 365)
[413, 413] (124, 112)
[61, 61] (95, 78)
[759, 759] (94, 188)
[140, 140] (223, 130)
[31, 31] (167, 32)
[7, 7] (138, 100)
[195, 195] (157, 179)
[195, 195] (384, 281)
[218, 218] (202, 114)
[222, 222] (47, 20)
[185, 185] (110, 71)
[185, 185] (340, 254)
[94, 94] (150, 268)
[86, 86] (5, 140)
[230, 230] (59, 74)
[223, 223] (298, 26)
[127, 127] (151, 116)
[127, 127] (380, 9)
[288, 288] (148, 160)
[89, 89] (33, 136)
[89, 89] (303, 280)
[519, 519] (180, 31)
[1043, 1043] (246, 148)
[375, 375] (36, 90)
[53, 53] (97, 96)
[53, 53] (236, 17)
[53, 53] (374, 661)
[53, 53] (514, 581)
[53, 53] (653, 501)
[169, 169] (223, 164)
[536, 536] (78, 7)
[171, 171] (44, 38)
[171, 171] (312, 23)
[1795, 1795] (65, 86)
[232, 232] (196, 317)
[81, 81] (12, 92)
[81, 81] (155, 125)
[81, 81] (296, 157)
[81, 81] (439, 190)
[81, 81] (580, 222)
[1233, 1233] (48, 36)
[648, 648] (174, 150)
[343, 343] (277, 128)
[151, 151] (154, 175)
[234, 234] (85, 130)
[234, 234] (334, 283)
[1742, 1742] (55, 122)
[537, 537] (207, 41)
[54, 54] (120, 149)
[54, 54] (285, 605)
[54, 54] (452, 449)
[55, 55] (24, 80)
[43, 43] (219, 292)
[56, 56] (69, 91)
[56, 56] (224, 611)
[56, 56] (380, 481)
[56, 56] (535, 352)
[358, 358] (10, 120)
[278, 278] (177, 379)
[95, 95] (11, 178)
[95, 95] (226, 241)
[95, 95] (442, 305)
[246, 246] (16, 159)
[531, 531] (94, 26)
[78, 78] (79, 147)
[78, 78] (348, 290)
[106, 106] (186, 91)
[106, 106] (394, 112)
[240, 240] (62, 175)
[240, 240] (291, 277)
[255, 255] (35, 279)
[255, 255] (335, 191)
[27, 27] (182, 414)
[27, 27] (366, 130)
[27, 27] (548, 396)
[111, 111] (112, 221)
[145, 145] (93, 195)
[1363, 1363] (54, 118)
[789, 789] (99, 22)
[388, 388] (80, 111)
[453, 453] (153, 79)
[129, 129] (133, 81)
[77, 77] (168, 72)
[77, 77] (380, 221)
[109, 109] (8, 76)
[1593, 1593] (66, 34)
[2093, 2093] (88, 20)
[122, 122] (48, 185)
[122, 122] (247, 308)
[122, 122] (444, 432)
[274, 274] (231, 112)
[64, 64] (94, 340)
[64, 64] (229, 35)
[64, 64] (364, 475)
[64, 64] (500, 170)
[64, 64] (636, 613)
[67, 67] (111, 155)
[131, 131] (157, 96)
[131, 131] (365, 323)
[780, 780] (209, 157)
[785, 785] (84, 59)
[254, 254] (195, 202)
[281, 281] (192, 47)
[308, 308] (306, 163)
[176, 176] (169, 141)
[257, 257] (36, 413)
[257, 257] (244, 373)
[257, 257] (449, 334)
[497, 497] (117, 102)
[687, 687] (174, 219)
[458, 458] (64, 170)
[163, 163] (3, 144)
[1195, 1195] (44, 43)
[1452, 1452] (70, 79)
[147, 147] (151, 41)
[534, 534] (49, 179)
[534, 534] (300, 236)
[417, 417] (90, 67)
[290, 290] (12, 143)
[1301, 1301] (52, 39)
[209, 209] (267, 344)
[242, 242] (140, 377)
[242, 242] (351, 266)
[132, 132] (94, 132)
[132, 132] (345, 35)
[85, 85] (57, 299)
[85, 85] (253, 461)
[85, 85] (450, 108)
[203, 203] (145, 124)
[463, 463] (110, 27)
[118, 118] (170, 290)
[2237, 2237] (72, 37)
[210, 210] (158, 129)
[235, 235] (179, 236)
[457, 457] (150, 165)
[457, 457] (382, 143)
[68, 68] (50, 724)
[68, 68] (187, 27)
[68, 68] (323, 68)
[68, 68] (459, 109)
[68, 68] (598, 150)
[68, 68] (735, 191)
[205, 205] (33, 43)
[179, 179] (40, 148)
[317, 317] (44, 218)
[144, 144] (68, 332)
[144, 144] (327, 360)
[66, 66] (222, 35)
[866, 866] (120, 158)
[305, 305] (143, 172)
[314, 314] (41, 40)
[811, 811] (107, 109)
[1273, 1273] (7, 16)
[3234, 3234] (30, 75)
[188, 188] (123, 92)
[13883, 13883] (35, 11)
[841, 841] (104, 189)
[2657, 2657] (46, 58)
[162, 162] (50, 77)
[2414, 2414] (19, 101)
[383, 383] (165, 19)
[717, 717] (49, 73)
[5277, 5277] (5, 14)
[382, 382] (217, 140)
[291, 291] (27, 80)
[575, 575] (231, 64)
[115, 115] (203, 230)
[100, 100] (191, 155)
[197, 197] (80, 244)
[197, 197] (301, 367)
[183, 183] (130, 227)
[306, 306] (186, 123)
[1817, 1817] (6, 48)
[3433, 3433] (91, 129)
[2119, 2119] (92, 41)
[731, 731] (194, 45)
[752, 752] (221, 101)
[1367, 1367] (3, 23)
[177, 177] (177, 43)
[65, 65] (53, 188)
[65, 65] (173, 348)
[65, 65] (293, 509)
[65, 65] (412, 670)
[65, 65] (532, 831)
[65, 65] (652, 149)
[65, 65] (773, 309)
[174, 174] (136, 150)
[1270, 1270] (77, 20)
[403, 403] (35, 22)
[251, 251] (131, 107)
[289, 289] (4, 178)
[1978, 1978] (121, 13)
[419, 419] (136, 182)
[419, 419] (345, 410)
[728, 728] (114, 129)
[10673, 10673] (3, 20)
[137, 137] (194, 232)
[526, 526] (26, 84)
[429, 429] (19, 87)
[1399, 1399] (26, 44)
[299, 299] (194, 149)
[455, 455] (126, 27)
[455, 455] (375, 152)
[967, 967] (42, 40)
[986, 986] (71, 73)
[1032, 1032] (104, 74)
[1211, 1211] (61, 130)
[7702, 7702] (66, 33)
[1804, 1804] (6, 84)
[974, 974] (191, 149)
[3119, 3119] (61, 31)
[3968, 3968] (7, 33)
[313, 313] (0, 122)
[252, 252] (179, 17)
[172, 172] (145, 145)
[364, 364] (170, 18)
[444, 444] (106, 10)
[626, 626] (62, 332)
[626, 626] (349, 10)
[297, 297] (147, 290)
[2098, 2098] (51, 137)
[3031, 3031] (1, 64)
[1276, 1276] (43, 96)
[1488, 1488] (39, 1)
[2972, 2972] (164, 162)
[138, 138] (227, 58)
[424, 424] (19, 26)
[135, 135] (147, 72)
[1754, 1754] (98, 94)
[211, 211] (124, 172)
[273, 273] (139, 80)
[563, 563] (44, 55)
[275, 275] (43, 171)
[746, 746] (148, 74)
[506, 506] (208, 196)
[1292, 1292] (104, 185)
[1431, 1431] (7, 127)
[342, 342] (148, 227)
[219, 219] (6, 223)
[445, 445] (128, 15)
[770, 770] (10, 63)
[2061, 2061] (76, 14)
[1648, 1648] (2, 106)
[740, 740] (59, 133)
[193, 193] (66, 336)
[193, 193] (324, 364)
[1932, 1932] (51, 29)
[690, 690] (9, 9)
[348, 348] (26, 78)
[348, 348] (254, 215)
[1126, 1126] (30, 43)
[6892, 6892] (81, 57)
[593, 593] (115, 4)
[5977, 5977] (34, 39)
[1011, 1011] (15, 167)
[2743, 2743] (137, 113)
[351, 351] (29, 165)
[557, 557] (147, 65)
[116, 116] (277, 315)
[244, 244] (43, 135)
[642, 642] (11, 47)
[3070, 3070] (38, 20)
[699, 699] (167, 162)
[1278, 1278] (104, 38)
[3552, 3552] (10, 14)
[200, 200] (141, 237)
[404, 404] (60, 127)
[1980, 1980] (14, 106)
[2589, 2589] (50, 46)
[1744, 1744] (6, 56)
[310, 310] (84, 49)
[270, 270] (96, 180)
[930, 930] (55, 14)
[3058, 3058] (49, 28)
[1148, 1148] (72, 35)
[1148, 1148] (352, 319)
[216, 216] (126, 14)
[1421, 1421] (80, 47)
[8592, 8592] (7, 30)
[238, 238] (212, 178)
[465, 465] (99, 2)
[670, 670] (25, 47)
[571, 571] (43, 22)
[402, 402] (120, 159)
[248, 248] (199, 85)
[658, 658] (178, 132)
[3214, 3214] (80, 62)
[186, 186] (79, 648)
[186, 186] (209, 155)
[186, 186] (337, 446)
[186, 186] (465, 736)
[186, 186] (594, 244)
[186, 186] (723, 534)
[359, 359] (93, 7)
[3642, 3642] (113, 57)
[6651, 6651] (17, 9)
[181, 181] (215, 152)
[300, 300] (22, 0)
[1818, 1818] (71, 24)
[1051, 1051] (4, 15)
[121, 121] (51, 161)
[1386, 1386] (65, 45)
[1504, 1504] (53, 38)
[992, 992] (197, 131)
[2872, 2872] (49, 6)
[3531, 3531] (79, 62)
[8000, 8000] (29, 0)
[4083, 4083] (48, 32)
[180, 180] (187, 82)
[950, 950] (75, 40)
[528, 528] (61, 65)
[600, 600] (72, 177)
[249, 249] (228, 223)
[4367, 4367] (59, 52)
[650, 650] (205, 200)
[1062, 1062] (109, 88)
[897, 897] (3, 29)
[1970, 1970] (67, 4)
[4844, 4844] (32, 11)
[546, 546] (52, 47)
[3965, 3965] (65, 59)
[166983, 166983] (1, 0)
[720, 720] (28, 83)
[842, 842] (46, 52)
[11913, 11913] (30, 14)
[855, 855] (135, 112)
[1035, 1035] (157, 84)
[2875, 2875] (6, 107)
[214, 214] (153, 27)
[421, 421] (65, 104)
[2706, 2706] (32, 82)
[805, 805] (70, 123)
[4131, 4131] (11, 30)
[166, 166] (248, 101)
[655, 655] (65, 108)
[6999, 6999] (31, 54)
[768, 768] (115, 71)
[6019, 6019] (20, 50)
[8641, 8641] (27, 14)
[2433, 2433] (62, 84)
[2501, 2501] (49, 12)
[2731, 2731] (15, 23)
[2683, 2683] (33, 48)
[2042, 2042] (8, 84)
[503, 503] (77, 50)
[708, 708] (171, 0)
[341, 341] (84, 23)
[1025, 1025] (41, 71)
[577, 577] (158, 279)
[416, 416] (125, 68)
[802, 802] (56, 96)
[2956, 2956] (57, 45)
[1225, 1225] (99, 159)
[734, 734] (22, 179)
[808, 808] (91, 13)
[6378, 6378] (20, 93)
[5010, 5010] (27, 63)
[665, 665] (221, 153)
[703, 703] (59, 125)
[3675, 3675] (7, 49)
[2504, 2504] (40, 115)
[222539, 222539] (6, 3)
[3323, 3323] (1, 38)
[10399, 10399] (13, 2)
[2551, 2551] (123, 20)
[1293, 1293] (10, 137)
[8290, 8290] (27, 12)
[894, 894] (87, 43)
[1247, 1247] (57, 55)
[1269, 1269] (65, 15)
[810, 810] (39, 17)
[352, 352] (174, 82)
[2388, 2388] (17, 51)
[1584, 1584] (34, 148)
[2140, 2140] (25, 21)
[490, 490] (37, 57)
[3471, 3471] (38, 67)
[544, 544] (62, 179)
[1057, 1057] (24, 146)
[4147, 4147] (18, 67)
[1747, 1747] (32, 3)
[312, 312] (82, 90)
[1259, 1259] (14, 7)
[189, 189] (303, 75)
[8026, 8026] (54, 63)
[5429, 5429] (8, 65)
[574, 574] (85, 22)
[1119, 1119] (86, 0)
[10221, 10221] (6, 16)
[920, 920] (103, 128)
[46224, 46224] (11, 15)
[5698, 5698] (16, 39)
[1197, 1197] (118, 23)
[1690, 1690] (9, 90)
[1547, 1547] (19, 25)
[12381, 12381] (4, 12)
Correct: 7998 Wrong: 2
[547, 547] (53, 51)
[9379, 9379] (49, 57)
[2583, 2583] (31, 51)
[22268, 22268] (18, 15)
[1490, 1490] (118, 116)
[12453, 12453] (18, 22)
[2170, 2170] (67, 93)
[9603, 9603] (27, 62)
[3572, 3572] (54, 28)
[860, 860] (14, 5)
[5606, 5606] (66, 54)
[5922, 5922] (17, 64)
[1936, 1936] (68, 42)
[669, 669] (41, 79)
[8887, 8887] (17, 1)
[5528, 5528] (44, 58)
[4286, 4286] (101, 22)
[3163, 3163] (123, 44)
[10831, 10831] (8, 8)
[10063, 10063] (38, 49)
[5967, 5967] (32, 32)
[1840, 1840] (31, 15)
[39812, 39812] (5, 4)
[2677, 2677] (29, 9)
correct: 9999
wrong: 2
[4268, 4268] (41, 77)
[4077, 4077] (47, 4)
[3713, 3713] (10, 15)
[4308, 4308] (27, 1)
[5076, 5076] (65, 11)
[17774, 17774] (32, 7)
[10784, 10784] (24, 28)
[1652, 1652] (3, 23)
[3004, 3004] (26, 95)
[1601, 1601] (16, 24)
[4252, 4252] (28, 107)
[395, 395] (19, 103)
[10233, 10233] (37, 73)
[488, 488] (66, 0)
[4022, 4022] (11, 18)
[9940, 9940] (28, 40)
[2106, 2106] (31, 50)
[14070, 14070] (30, 34)
[3505, 3505] (115, 89)
[4508, 4508] (63, 74)
[5123, 5123] (31, 12)
[2717, 2717] (21, 39)
[5431, 5431] (29, 8)
[2375, 2375] (20, 0)
[14825, 14825] (39, 1)
[10818, 10818] (3, 27)
[4331, 4331] (33, 1)
[1115, 1115] (46, 43)
[4134, 4134] (2, 2)
[5573, 5573] (30, 25)
[1474, 1474] (98, 243)
[182639, 182639] (0, 5)
[3402, 3402] (55, 10)
[493, 493] (249, 215)
[14877, 14877] (5, 32)
[8753, 8753] (70, 28)
[3206, 3206] (68, 40)
[1698, 1698] (63, 148)
[2735, 2735] (31, 96)
[2673, 2673] (35, 6)
[6270, 6270] (4, 3)
[980, 980] (154, 154)
[2571, 2571] (10, 56)
[3025, 3025] (64, 36)
[7721, 7721] (84, 41)
[8482, 8482] (55, 16)
Correct: 15998 Wrong: 2
[12386, 12386] (57, 59)
[36374, 36374] (17, 7)
[915, 915] (12, 36)
[617, 617] (25, 100)
[1408, 1408] (31, 223)
[69550, 69550] (9, 1)
[6739, 6739] (19, 47)
[18596, 18596] (24, 11)
[3264, 3264] (75, 8)
[1460, 1460] (151, 160)
[6443, 6443] (11, 21)
[29566, 29566] (22, 13)
[4388, 4388] (4, 83)
[13079, 13079] (7, 38)
[1230, 1230] (52, 72)
[24797, 24797] (15, 15)
[9561, 9561] (33, 21)
[8825, 8825] (16, 10)
[11419, 11419] (8, 7)
[3705, 3705] (4, 38)
[22373, 22373] (23, 29)
[21821, 21821] (1, 4)
[9944, 9944] (17, 21)
correct: 20000
wrong: 2
[14404, 14404] (17, 0)
[19897, 19897] (17, 18)
[24236, 24236] (10, 19)
[834, 834] (44, 77)
[1835, 1835] (93, 110)
[946, 946] (67, 7)
[32619, 32619] (8, 4)
[4027, 4027] (21, 19)
[6154, 6154] (66, 51)
[8580, 8580] (39, 22)
[9589, 9589] (11, 5)
[1180, 1180] (21, 24)
[60572, 60572] (4, 3)
[1088, 1088] (96, 230)
[52152, 52152] (6, 8)
[1348, 1348] (12, 74)
Correct: 23998 Wrong: 2
[3262, 3262] (9, 20)
[24237, 24237] (3, 6)
[30168, 30168] (12, 8)
[17091, 17091] (17, 38)
[11040, 11040] (59, 23)
[5345, 5345] (0, 48)
[9763, 9763] (8, 24)
[4583, 4583] (10, 41)
[133903, 133903] (6, 5)
[34361, 34361] (7, 7)
[10103, 10103] (53, 54)
[4796, 4796] (36, 46)
[6692, 6692] (9, 3)
[24045, 24045] (6, 14)
[17090, 17090] (12, 12)
[3969, 3969] (8, 91)
[7264, 7264] (1, 49)
[14576, 14576] (18, 1)
[14550, 14550] (27, 27)
[137457, 137457] (0, 7)
[1047, 1047] (57, 105)
[109449, 109449] (9, 6)
correct: 30001
wrong: 2
[1245, 1245] (60, 13)
[10679, 10679] (56, 49)
[8561, 8561] (37, 48)
[8017, 8017] (0, 1)
[5902, 5902] (48, 32)
[30975, 30975] (0, 5)
Correct: 31998 Wrong: 2
[22656, 22656] (20, 24)
[13534, 13534] (28, 31)
[23677, 23677] (33, 26)
[5089, 5089] (40, 7)
[9767, 9767] (30, 28)
[25170, 25170] (1, 10)
[466, 466] (48, 50)
[5962, 5962] (17, 25)
[2623, 2623] (89, 163)
[51583, 51583] (13, 2)
[20261, 20261] (4, 10)
[13450, 13450] (31, 29)
[6577, 6577] (24, 1)
[3859, 3859] (35, 15)
[84050, 84050] (11, 7)
[14203, 14203] (4, 18)
[1519, 1519] (77, 110)
[3475, 3475] (14, 71)
[3373, 3373] (0, 65)
[22646, 22646] (6, 6)
[2597, 2597] (12, 112)
[22739, 22739] (17, 20)
[9033, 9033] (3, 47)
[371, 371] (106, 66)
[44043, 44043] (28, 16)
[32375, 32375] (5, 9)
Correct: 39998 Wrong: 2
correct: 40002
wrong: 2
[99873, 99873] (5, 6)
[19679, 19679] (15, 22)
[13615, 13615] (9, 13)
[366, 366] (39, 81)
[29906, 29906] (6, 1)
[21410, 21410] (3, 28)
[10543, 10543] (24, 23)
[15034, 15034] (16, 25)
[35153, 35153] (3, 31)
[3927, 3927] (72, 27)
[42236, 42236] (1, 3)
[49372, 49372] (18, 1)
[5509, 5509] (38, 26)
[3467, 3467] (25, 37)
[2896, 2896] (147, 153)
[11281, 11281] (19, 19)
[9193, 9193] (25, 21)
[33107, 33107] (16, 7)
Correct: 47998 Wrong: 2
[119736, 119736] (0, 6)
[7909, 7909] (44, 14)
[43572, 43572] (18, 8)
[149347, 149347] (1, 8)
correct: 50003
wrong: 2
[20307, 20307] (13, 22)
[34278, 34278] (10, 1)
[17474, 17474] (50, 19)
[48258, 48258] (0, 5)
[7785, 7785] (17, 27)
[226902, 226902] (5, 7)
[4918, 4918] (97, 37)
[43708, 43708] (8, 5)
[28991, 28991] (14, 26)
[20660, 20660] (19, 23)
Correct: 55998 Wrong: 2
[10324, 10324] (20, 19)
[21183, 21183] (3, 3)
[41089, 41089] (19, 15)
[57076, 57076] (16, 25)
[948, 948] (73, 34)
[15820, 15820] (6, 21)
correct: 60004
wrong: 2
[78417, 78417] (9, 21)
[4744, 4744] (71, 78)
[1787, 1787] (1, 95)
[5389, 5389] (4, 33)
[231431, 231431] (5, 0)
Correct: 63998 Wrong: 2
[30622, 30622] (9, 8)
[10997, 10997] (18, 33)
[1624, 1624] (85, 83)
[13886, 13886] (6, 11)
[3860, 3860] (26, 21)
[21241, 21241] (15, 3)
[32800, 32800] (0, 3)
[49005, 49005] (15, 7)
[22170, 22170] (27, 31)
correct: 70005
wrong: 2
[23295, 23295] (5, 9)
[3358, 3358] (26, 38)
[7530, 7530] (29, 33)
Correct: 71998 Wrong: 2
[12487, 12487] (105, 88)
[107723, 107723] (4, 6)
[2712, 2712] (22, 41)
[8009, 8009] (13, 5)
[34014, 34014] (12, 20)
[96149, 96149] (2, 3)
[13612, 13612] (20, 33)
[51059, 51059] (17, 20)
[21346, 21346] (50, 5)
Correct: 79998 Wrong: 2
[23535, 23535] (10, 31)
correct: 80006
wrong: 2
[55419, 55419] (7, 18)
[10490, 10490] (27, 12)
[82051, 82051] (7, 12)
[18321, 18321] (6, 1)
[4246, 4246] (42, 18)
[18186, 18186] (17, 7)
[11959, 11959] (50, 58)
[128696, 128696] (5, 9)
Correct: 87998 Wrong: 2
[6687, 6687] (13, 26)
[17995, 17995] (18, 5)
correct: 90007
wrong: 2
[15516, 15516] (26, 25)
[52838, 52838] (0, 0)
[101396, 101396] (8, 13)
[30675, 30675] (16, 14)
[65702, 65702] (2, 8)
Correct: 95998 Wrong: 2
[6550, 6550] (41, 41)
[52061, 52061] (10, 11)
[24863, 24863] (18, 13)
[42326, 42326] (16, 12)
correct: 100008
wrong: 2
[4771, 4771] (22, 17)
[4012, 4012] (2, 20)
[10036, 10036] (47, 34)
Correct: 103998 Wrong: 2
[1898, 1898] (1, 13)
[3667, 3667] (32, 24)
[34714, 34714] (17, 17)
[19560, 19560] (20, 2)
[7283, 7283] (43, 48)
correct: 110009
wrong: 2
[9750, 9750] (15, 25)
Correct: 111998 Wrong: 2
[29274, 29274] (9, 3)
[30808, 30808] (29, 21)
[391137, 391137] (2, 3)
[8637, 8637] (6, 22)
[8163, 8163] (5, 35)
Correct: 119998 Wrong: 2
[223930, 223930] (6, 2)
correct: 120010
wrong: 2
[38891, 38891] (16, 20)
[7154, 7154] (21, 35)
[3399, 3399] (2, 37)
[34641, 34641] (26, 3)
[20196, 20196] (11, 31)
Correct: 127998 Wrong: 2
[23227, 23227] (4, 10)
correct: 130011
wrong: 2
[22347, 22347] (20, 30)
[166540, 166540] (18, 18)
[125080, 125080] (7, 3)
Correct: 135998 Wrong: 2
[72089, 72089] (8, 4)
[10125, 10125] (28, 11)
[43699, 43699] (21, 22)
correct: 140012
wrong: 2
[19632, 19632] (39, 18)
[81274, 81274] (4, 4)
Correct: 143998 Wrong: 2
[123768, 123768] (0, 7)
[69959, 69959] (7, 11)
[112951, 112951] (1, 6)
correct: 150013
wrong: 2
[89179, 89179] (1, 1)
Correct: 151998 Wrong: 2
[38358, 38358] (26, 30)
[80268, 80268] (18, 10)
[101078, 101078] (5, 7)
[17693, 17693] (13, 0)
Correct: 159998 Wrong: 2
correct: 160014
wrong: 2
[141480, 141480] (13, 8)
[3338, 3338] (26, 52)
[94266, 94266] (2, 12)
[45485, 45485] (19, 3)
Correct: 167998 Wrong: 2
[41450, 41450] (1, 21)
correct: 170015
wrong: 2
[75102, 75102] (3, 5)
[111664, 111664] (4, 7)
Correct: 175998 Wrong: 2
[15228, 15228] (6, 7)
[7871, 7871] (33, 9)
correct: 180016
wrong: 2
[3395, 3395] (4, 6)
[54494, 54494] (18, 12)
Correct: 183998 Wrong: 2
[80091, 80091] (8, 4)
[36906, 36906] (14, 18)
correct: 190017
wrong: 2
[78459, 78459] (15, 26)
Correct: 191998 Wrong: 2
[15195, 15195] (1, 22)
[12125, 12125] (8, 31)
[43543, 43543] (10, 4)
Correct: 199998 Wrong: 2
correct: 200018
wrong: 2
[172275, 172275] (10, 16)
[9753, 9753] (4, 1)
[3574, 3574] (71, 42)
Correct: 207998 Wrong: 2
[189232, 189232] (6, 1)
correct: 210019
wrong: 2
[45663, 45663] (9, 14)
[214963, 214963] (3, 3)
Correct: 215998 Wrong: 2
[59664, 59664] (7, 6)
correct: 220020
wrong: 2
[182693, 182693] (3, 5)
[39953, 39953] (7, 18)
Correct: 223998 Wrong: 2
[150002, 150002] (6, 1)
[281928, 281928] (3, 0)
correct: 230021
wrong: 2
Correct: 231998 Wrong: 2
[74951, 74951] (12, 9)
[11773, 11773] (18, 0)
[524771, 524771] (3, 0)
Correct: 239998 Wrong: 2
correct: 240022
wrong: 2
[87886, 87886] (8, 14)
[28103, 28103] (16, 21)
Correct: 247998 Wrong: 2
[75702, 75702] (8, 9)
correct: 250023
wrong: 2
[142494, 142494] (3, 6)
Correct: 255998 Wrong: 2
[150190, 150190] (0, 4)
correct: 260024
wrong: 2
[130490, 130490] (16, 6)
[55228, 55228] (3, 4)
Correct: 263998 Wrong: 2
[24358, 24358] (11, 26)
correct: 270025
wrong: 2
Correct: 271998 Wrong: 2
[142685, 142685] (8, 9)
[540545, 540545] (4, 0)
[608827, 608827] (4, 1)
Correct: 279998 Wrong: 2
correct: 280026
wrong: 2
[21772, 21772] (1, 23)
[170517, 170517] (0, 7)
Correct: 287998 Wrong: 2
correct: 290027
wrong: 2
[60633, 60633] (14, 6)
[121770, 121770] (6, 2)
Correct: 295998 Wrong: 2
[121695, 121695] (0, 0)
correct: 300028
wrong: 2
[16717, 16717] (2, 17)
Correct: 303998 Wrong: 2
[43535, 43535] (8, 0)
correct: 310029
wrong: 2
Correct: 311998 Wrong: 2
[35951, 35951] (25, 44)
[16925, 16925] (14, 28)
Correct: 319998 Wrong: 2
correct: 320030
wrong: 2
[226623, 226623] (2, 1)
[5254, 5254] (57, 17)
Correct: 327998 Wrong: 2
correct: 330031
wrong: 2
[234492, 234492] (1, 2)
Correct: 335998 Wrong: 2
[37603, 37603] (17, 1)
correct: 340032
wrong: 2
[18757, 18757] (25, 6)
Correct: 343998 Wrong: 2
[139369, 139369] (3, 5)
correct: 350033
wrong: 2
Correct: 351998 Wrong: 2
[13381, 13381] (18, 9)
[32712, 32712] (7, 15)
Correct: 359998 Wrong: 2
correct: 360034
wrong: 2
[146800, 146800] (4, 10)
Correct: 367998 Wrong: 2
correct: 370035
wrong: 2
[39496, 39496] (15, 3)
Correct: 375998 Wrong: 2
[217776, 217776] (4, 6)
correct: 380036
wrong: 2
[5809, 5809] (4, 20)
Correct: 383998 Wrong: 2
[652755, 652755] (4, 5)
correct: 390037
wrong: 2
Correct: 391998 Wrong: 2
[18951, 18951] (64, 54)
[141310, 141310] (8, 10)
Correct: 399998 Wrong: 2
correct: 400038
wrong: 2
[136160, 136160] (3, 0)
Correct: 407998 Wrong: 2
correct: 410039
wrong: 2
[3861, 3861] (52, 56)
Correct: 415998 Wrong: 2
[400598, 400598] (3, 2)
correct: 420040
wrong: 2
Correct: 423998 Wrong: 2
[200198, 200198] (3, 4)
correct: 430041
wrong: 2
Correct: 431998 Wrong: 2
[339603, 339603] (5, 0)
[173682, 173682] (2, 4)
Correct: 439998 Wrong: 2
correct: 440042
wrong: 2
[35033, 35033] (8, 6)
Correct: 447998 Wrong: 2
correct: 450043
wrong: 2
[43417, 43417] (17, 14)
Correct: 455998 Wrong: 2
correct: 460044
wrong: 2
[140421, 140421] (4, 7)
Correct: 463998 Wrong: 2
correct: 470045
wrong: 2
[83523, 83523] (20, 11)
Correct: 471998 Wrong: 2
[135996, 135996] (12, 13)
Correct: 479998 Wrong: 2
correct: 480046
wrong: 2
[105959, 105959] (12, 18)
Correct: 487998 Wrong: 2
correct: 490047
wrong: 2
[112844, 112844] (21, 9)
Correct: 495998 Wrong: 2
correct: 500048
wrong: 2
[501442, 501442] (5, 0)
Correct: 503998 Wrong: 2
correct: 510049
wrong: 2
Correct: 511998 Wrong: 2
[278092, 278092] (6, 0)
Correct: 519998 Wrong: 2
correct: 520050
wrong: 2
[240756, 240756] (2, 0)
Correct: 527998 Wrong: 2
[228008, 228008] (8, 10)
correct: 530051
wrong: 2
Correct: 535998 Wrong: 2
[388726, 388726] (6, 5)
correct: 540052
wrong: 2
Correct: 543998 Wrong: 2
[174264, 174264] (2, 3)
correct: 550053
wrong: 2
Correct: 551998 Wrong: 2
[416775, 416775] (4, 3)
Correct: 559998 Wrong: 2
correct: 560054
wrong: 2
[109291, 109291] (0, 0)
Correct: 567998 Wrong: 2
correct: 570055
wrong: 2
Correct: 575998 Wrong: 2
[53166, 53166] (2, 13)
correct: 580056
wrong: 2
Correct: 583998 Wrong: 2
[91406, 91406] (2, 1)
correct: 590057
wrong: 2
Correct: 591998 Wrong: 2
[414225, 414225] (0, 6)
Correct: 599998 Wrong: 2
correct: 600058
wrong: 2
Correct: 607998 Wrong: 2
[396625, 396625] (2, 0)
correct: 610059
wrong: 2
Correct: 615998 Wrong: 2
[99322, 99322] (11, 1)
correct: 620060
wrong: 2
Correct: 623998 Wrong: 2
correct: 630061
wrong: 2
Correct: 631998 Wrong: 2
[149790, 149790] (6, 6)
Correct: 639998 Wrong: 2
correct: 640062
wrong: 2
[38539, 38539] (0, 8)
Correct: 647998 Wrong: 2
correct: 650063
wrong: 2
Correct: 655998 Wrong: 2
[127940, 127940] (0, 1)
correct: 660064
wrong: 2
Correct: 663998 Wrong: 2
correct: 670065
wrong: 2
[110861, 110861] (2, 1)
Correct: 671998 Wrong: 2
Correct: 679998 Wrong: 2
correct: 680066
wrong: 2
[79645, 79645] (5, 7)
Correct: 687998 Wrong: 2
correct: 690067
wrong: 2
[23390, 23390] (6, 5)
Correct: 695998 Wrong: 2
correct: 700068
wrong: 2
Correct: 703998 Wrong: 2
[26977, 26977] (6, 3)
correct: 710069
wrong: 2
Correct: 711998 Wrong: 2
Correct: 719998 Wrong: 2
[18390, 18390] (9, 26)
correct: 720070
wrong: 2
Correct: 727998 Wrong: 2
correct: 730071
wrong: 2
[402982, 402982] (3, 5)
Correct: 735998 Wrong: 2
correct: 740072
wrong: 2
Correct: 743998 Wrong: 2
[578650, 578650] (4, 3)
correct: 750073
wrong: 2
Correct: 751998 Wrong: 2
Correct: 759998 Wrong: 2
correct: 760074
wrong: 2
[302457, 302457] (5, 5)
Correct: 767998 Wrong: 2
correct: 770075
wrong: 2
Correct: 775998 Wrong: 2
[119963, 119963] (12, 0)
correct: 780076
wrong: 2
Correct: 783998 Wrong: 2
correct: 790077
wrong: 2
Correct: 791998 Wrong: 2
[316510, 316510] (3, 7)
Correct: 799998 Wrong: 2
correct: 800078
wrong: 2
Correct: 807998 Wrong: 2
correct: 810079
wrong: 2
[90516, 90516] (14, 5)
Correct: 815998 Wrong: 2
correct: 820080
wrong: 2
Correct: 823998 Wrong: 2
[223632, 223632] (3, 2)
correct: 830081
wrong: 2
Correct: 831998 Wrong: 2
Correct: 839998 Wrong: 2
correct: 840082
wrong: 2
[15796, 15796] (10, 2)
Correct: 847998 Wrong: 2
correct: 850083
wrong: 2
Correct: 855998 Wrong: 2
correct: 860084
wrong: 2
[61580, 61580] (12, 5)
Correct: 863998 Wrong: 2
correct: 870085
wrong: 2
Correct: 871998 Wrong: 2
[198858, 198858] (5, 8)
Correct: 879998 Wrong: 2
correct: 880086
wrong: 2
Correct: 887998 Wrong: 2
correct: 890087
wrong: 2
[142052, 142052] (8, 9)
Correct: 895998 Wrong: 2
correct: 900088
wrong: 2
Correct: 903998 Wrong: 2
correct: 910089
wrong: 2
Correct: 911998 Wrong: 2
[319308, 319308] (3, 2)
Correct: 919998 Wrong: 2
correct: 920090
wrong: 2
Correct: 927998 Wrong: 2
correct: 930091
wrong: 2
[714756, 714756] (1, 3)
Correct: 935998 Wrong: 2
correct: 940092
wrong: 2
Correct: 943998 Wrong: 2
correct: 950093
wrong: 2
Correct: 951998 Wrong: 2
[7243, 7243] (12, 2)
Correct: 959998 Wrong: 2
correct: 960094
wrong: 2
Correct: 967998 Wrong: 2
correct: 970095
wrong: 2
[588605, 588605] (1, 0)
Correct: 975998 Wrong: 2
correct: 980096
wrong: 2
Correct: 983998 Wrong: 2
correct: 990097
wrong: 2
Correct: 991998 Wrong: 2
[414205, 414205] (0, 5)
Correct: 999998 Wrong: 2
expandWhenStuck: 
----------RESULT----------
ExpandWhenStuck results for N = 1000000; s = 1; nb_seed = 250
	common nodes count G1 and G2 = 1000000
	matched = 1000000
	correct matches = 999998	 wrong matches = 2
	recall = 0.999998
	precision = 0.999998
	F1-score = 0.999998
