Start read graph: /home/ildar/projects/GraphMatching/data/facebook_combined.txt
n = 4039
Graph created
N = 4039
E = 88234
p = 0.01082
THEOREM 1:
	n^(-1) << p <= n^(-5/6 - e) 	e = 0.001	[1/6 > e > 0]
	0.000247586 << p <= 0.000979863 (FALSE)
pt = 1
ps = 1
r = 2
a_c = 1.05741: initial seed set.
------------------------------------
Generate G1
	generate subgraph
	V_count = 4039
Generate G2
	generate subgraph
	V_count = 4039
same = 4039;  N * pt * pt = 4039
0
Done with the seeds!
[107, 107] (100, 986)
[107, 107] (202, 928)
[107, 107] (302, 868)
[107, 107] (403, 810)
[107, 107] (504, 750)
[107, 107] (604, 692)
[107, 107] (704, 635)
[107, 107] (803, 576)
[107, 107] (902, 518)
[107, 107] (1003, 459)
[3437, 3437] (110, 225)
[3437, 3437] (302, 404)
[3437, 3437] (501, 36)
[1912, 1912] (105, 30)
[1912, 1912] (241, 750)
[1912, 1912] (378, 716)
[1912, 1912] (518, 680)
[1912, 1912] (655, 646)
[1684, 1684] (35, 83)
[1684, 1684] (166, 507)
[1684, 1684] (297, 139)
[1684, 1684] (427, 566)
[1684, 1684] (559, 197)
[1684, 1684] (688, 623)
[1730, 1730] (101, 215)
[1768, 1768] (31, 104)
[1888, 1888] (141, 236)
[1800, 1800] (71, 236)
[1835, 1835] (104, 67)
[1621, 1622] (119, 163)
[1669, 1669] (56, 132)
[1126, 1126] (15, 167)
[1833, 1833] (97, 136)
[1663, 1663] (143, 203)
[1675, 1675] (106, 94)
[1255, 1255] (98, 29)
[1390, 1390] (185, 182)
[1879, 1879] (38, 27)
[1683, 1683] (54, 73)
[1101, 1101] (87, 21)
[1795, 1795] (22, 16)
[917, 917] (64, 114)
[483, 483] (132, 174)
[475, 475] (77, 69)
[414, 414] (150, 95)
[1204, 1204] (22, 92)
[1459, 1459] (41, 29)
[1465, 1465] (16, 75)
[2347, 2347] (254, 21)
[2543, 2543] (230, 287)
[2187, 2153] (47, 59)
[2199, 2149] (170, 53)
[2598, 2598] (148, 84)
[2471, 2463] (118, 53)
[2133, 2133] (128, 30)
[2592, 2592] (92, 124)
[2180, 2180] (108, 74)
[2132, 2132] (14, 53)
[2266, 2266] (92, 130)
[2233, 2233] (178, 173)
[2229, 2229] (15, 163)
[2040, 2040] (26, 47)
[1983, 1983] (4, 125)
[2309, 2184] (60, 106)
[2150, 2150] (31, 90)
[2410, 2410] (77, 53)
[2334, 2334] (2, 69)
[2090, 1993] (155, 60)
[1962, 2118] (16, 34)
[2059, 2059] (78, 73)
[2123, 2123] (155, 152)
[2590, 2590] (119, 70)
[2369, 2369] (7, 125)
[2121, 2121] (73, 14)
[2172, 2172] (49, 151)
[2655, 2655] (1, 145)
[2654, 2654] (126, 86)
[1991, 1991] (41, 1)
[0, 0] (230, 208)
[3902, 3902] (40, 14)
[2724, 2724] (31, 42)
[3397, 3397] (90, 71)
[3330, 3330] (85, 7)
[3214, 3214] (60, 45)
[3078, 3078] (20, 7)
[3387, 3387] (28, 58)
[3231, 3231] (16, 6)
[119, 119] (33, 59)
pgm: 
----------RESULT----------
pgm results for N = 4039; s = 1; nb_seed = 90
	common nodes count G1 and G2 = 4039
	matched = 3877
	correct matches = 3536	 wrong matches = 341
	recall = 0.875464
	precision = 0.912045
	F1-score = 0.89338
