Start read graph: /home/ildar/projects/GraphMatching/data/facebook_combined.txt
n = 4039
Graph created
N = 4039
E = 88234
p = 0.01082
THEOREM 1:
	n^(-1) << p <= n^(-5/6 - e) 	e = 0.001	[1/6 > e > 0]
	0.000247586 << p <= 0.000979863 (FALSE)
pt = 1
ps = 1
r = 2
a_c = 1.05741: initial seed set.
------------------------------------
Generate G1
	generate subgraph
	V_count = 4039
Generate G2
	generate subgraph
	V_count = 4039
same = 4039;  N * pt * pt = 4039
0
Done with the seeds!
[107, 107] (96, 64)
[107, 107] (193, 129)
[107, 107] (289, 194)
[107, 107] (385, 259)
[107, 107] (481, 324)
[107, 107] (577, 390)
[107, 107] (673, 455)
[107, 107] (770, 521)
[107, 107] (867, 586)
[107, 107] (964, 652)
[0, 0] (48, 209)
[0, 0] (343, 53)
[1684, 1684] (126, 182)
[1684, 1684] (253, 107)
[1684, 1684] (380, 32)
[1684, 1684] (508, 749)
[1684, 1684] (635, 674)
[1684, 1684] (763, 598)
[3152, 3291] (61, 105)
[3070, 3120] (25, 32)
[3002, 3002] (23, 68)
[1577, 1577] (138, 37)
[1584, 1584] (115, 0)
[946, 946] (105, 120)
[1352, 1352] (163, 225)
[1888, 1888] (253, 143)
[1800, 1800] (225, 41)
[1431, 1768] (38, 125)
[1377, 1377] (4, 182)
[1603, 1603] (103, 44)
[1827, 1827] (120, 0)
[1059, 1059] (65, 162)
[1761, 1761] (23, 9)
[1804, 1804] (184, 185)
[1086, 1086] (24, 199)
[1079, 1079] (101, 62)
[1791, 1791] (92, 63)
[1842, 1842] (12, 60)
[1334, 1334] (53, 31)
[1703, 1703] (63, 40)
[637, 637] (84, 9)
[376, 376] (44, 1)
[414, 414] (9, 30)
[1871, 1871] (76, 43)
[1227, 1227] (20, 48)
[1912, 1912] (19, 297)
[1912, 1912] (152, 685)
[1912, 1912] (288, 316)
[1912, 1912] (423, 704)
[1912, 1912] (558, 335)
[1912, 1912] (691, 723)
[2509, 2328] (32, 72)
[2223, 2087] (31, 56)
[2138, 2384] (41, 16)
[2289, 2081] (90, 153)
[2187, 2543] (147, 12)
[2183, 2138] (51, 116)
[1948, 2347] (26, 79)
[2072, 2511] (100, 68)
[2304, 2304] (41, 24)
[2266, 2266] (75, 150)
[2560, 2560] (156, 127)
[2324, 2324] (104, 58)
[1966, 1966] (126, 33)
[2240, 2218] (120, 37)
[2395, 2395] (167, 125)
[2069, 2069] (139, 30)
[2078, 2078] (154, 186)
[1962, 2201] (147, 118)
[1993, 2244] (200, 193)
[2045, 2045] (169, 86)
[2624, 2624] (97, 133)
[2290, 1984] (64, 170)
[2410, 2118] (39, 176)
[2118, 2184] (125, 143)
[1917, 1917] (105, 72)
[2593, 2593] (120, 90)
[2064, 2093] (99, 71)
[2339, 2339] (137, 28)
[2095, 2095] (103, 7)
[3174, 2969] (59, 39)
[2905, 3174] (72, 72)
[3142, 3142] (5, 6)
[56, 56] (46, 38)
[3437, 3437] (103, 76)
[3437, 3437] (287, 528)
[3437, 3437] (472, 433)
[745, 745] (13, 22)
[3821, 3821] (10, 21)
pgm: 
----------RESULT----------
pgm results for N = 4039; s = 1; nb_seed = 15
	common nodes count G1 and G2 = 4039
	matched = 3823
	correct matches = 3294	 wrong matches = 529
	recall = 0.815548
	precision = 0.861627
	F1-score = 0.837955
