Start read graph: /home/ildar/projects/GraphMatching/data/facebook_combined.txt
n = 4039
Graph created
N = 4039
E = 88234
p = 0.01082
THEOREM 1:
	n^(-1) << p <= n^(-5/6 - e) 	e = 0.001	[1/6 > e > 0]
	0.000247586 << p <= 0.000979863 (FALSE)
pt = 1
ps = 1
r = 2
a_c = 1.05741: initial seed set.
------------------------------------
Generate G1
	generate subgraph
	V_count = 4039
Generate G2
	generate subgraph
	V_count = 4039
same = 4039;  N * pt * pt = 4039
0
Done with the seeds!
[3437, 3437] (189, 477)
[3437, 3437] (379, 409)
[107, 107] (10, 190)
[107, 107] (107, 645)
[107, 107] (206, 49)
[107, 107] (303, 505)
[107, 107] (399, 955)
[107, 107] (498, 363)
[107, 107] (595, 816)
[107, 107] (692, 223)
[107, 107] (789, 677)
[107, 107] (886, 83)
[107, 107] (982, 537)
[1684, 1684] (44, 757)
[1684, 1684] (174, 531)
[1684, 1684] (302, 307)
[1684, 1684] (432, 79)
[1684, 1684] (563, 646)
[1684, 1684] (691, 422)
[1912, 1912] (30, 429)
[1912, 1912] (165, 197)
[1912, 1912] (299, 718)
[1912, 1912] (434, 484)
[1912, 1912] (569, 253)
[1912, 1912] (705, 18)
[0, 0] (186, 33)
[2347, 2347] (161, 186)
[1962, 2201] (170, 22)
[2410, 2030] (13, 139)
[2095, 2586] (92, 2)
[2590, 2266] (152, 162)
[2560, 2560] (173, 27)
[2507, 2500] (4, 72)
[2624, 2374] (40, 9)
[1946, 2150] (183, 14)
[2030, 2088] (154, 13)
[2073, 2206] (62, 115)
[2131, 2233] (71, 18)
[2593, 2244] (14, 70)
[2542, 2104] (177, 40)
[2464, 2602] (1, 29)
[1983, 2229] (16, 78)
[2356, 2356] (40, 129)
[2324, 2324] (190, 178)
[2492, 2124] (139, 54)
[2354, 2354] (172, 18)
[2359, 2359] (127, 63)
[2478, 2478] (31, 13)
[2510, 2510] (6, 1)
[2292, 2292] (25, 127)
[2555, 2555] (2, 84)
[2282, 2282] (55, 149)
[2183, 2183] (120, 98)
[2194, 2194] (6, 49)
[2508, 2508] (86, 51)
[2603, 2603] (30, 57)
[3258, 3258] (4, 27)
[2778, 2778] (15, 31)
[2863, 2863] (94, 102)
[3256, 3256] (20, 5)
[946, 946] (143, 51)
[1352, 1352] (220, 150)
[1621, 1621] (187, 101)
[993, 993] (151, 57)
[1377, 1768] (88, 60)
[1329, 1329] (52, 78)
[1126, 1126] (175, 177)
[1714, 1714] (2, 172)
[1833, 1199] (153, 204)
[1391, 1059] (157, 91)
[1799, 1799] (140, 103)
[1390, 1390] (112, 183)
[1184, 1184] (67, 132)
[1839, 1839] (105, 5)
[1902, 1902] (14, 12)
[1789, 1789] (24, 53)
[1473, 1473] (18, 11)
[483, 483] (79, 5)
[580, 580] (18, 17)
[373, 373] (39, 25)
[396, 396] (21, 16)
[1104, 1104] (72, 21)
[1371, 1371] (21, 26)
[2866, 2866] (24, 67)
[2960, 2960] (55, 50)
[901, 1880] (7, 23)
[239, 239] (2, 40)
[8, 91] (6, 3)
pgm: 
----------RESULT----------
pgm results for N = 4039; s = 1; nb_seed = 40
	common nodes count G1 and G2 = 4039
	matched = 3669
	correct matches = 3299	 wrong matches = 370
	recall = 0.816786
	precision = 0.899155
	F1-score = 0.855994
