Start read graph: /home/ildar/projects/GraphMatching/data/facebook_combined.txt
n = 4039
Graph created
N = 4039
E = 88234
p = 0.01082
THEOREM 1:
	n^(-1) << p <= n^(-5/6 - e) 	e = 0.001	[1/6 > e > 0]
	0.000247586 << p <= 0.000979863 (FALSE)
pt = 1
ps = 1
r = 2
a_c = 1.05741: initial seed set.
------------------------------------
Generate G1
	generate subgraph
	V_count = 4039
Generate G2
	generate subgraph
	V_count = 4039
same = 4039;  N * pt * pt = 4039
0
Done with the seeds!
[1912, 1912] (134, 252)
[1912, 1912] (268, 505)
[1912, 1912] (403, 2)
[1912, 1912] (537, 255)
[1912, 1912] (671, 508)
[2468, 2560] (19, 90)
[2410, 2112] (47, 76)
[2240, 2103] (83, 182)
[2266, 2564] (75, 15)
[2142, 2037] (100, 115)
[2172, 2507] (34, 97)
[1962, 2090] (102, 53)
[2354, 1929] (53, 6)
[2188, 2142] (67, 7)
[2139, 1983] (53, 30)
[2206, 2218] (187, 61)
[2218, 2601] (31, 11)
[2073, 2220] (110, 70)
[2492, 2088] (110, 172)
[2150, 2188] (127, 153)
[2542, 2611] (123, 201)
[1984, 1984] (3, 32)
[2602, 2590] (127, 127)
[2381, 2492] (12, 37)
[2140, 2323] (83, 57)
[1918, 1918] (27, 145)
[2007, 2007] (158, 88)
[1577, 1577] (159, 146)
[2384, 2384] (177, 85)
[2111, 2111] (93, 17)
[2068, 2068] (54, 127)
[2283, 2283] (122, 79)
[2039, 2039] (35, 90)
[1465, 1465] (60, 103)
[2132, 2132] (63, 74)
[107, 107] (4, 639)
[107, 107] (100, 899)
[107, 107] (198, 113)
[107, 107] (296, 370)
[107, 107] (392, 628)
[107, 107] (490, 888)
[107, 107] (587, 102)
[107, 107] (683, 359)
[107, 107] (779, 617)
[107, 107] (875, 877)
[107, 107] (972, 91)
[348, 348] (79, 131)
[544, 544] (37, 19)
[500, 500] (58, 55)
[641, 641] (22, 56)
[1630, 1630] (42, 7)
[1584, 1584] (136, 19)
[1014, 1014] (98, 40)
[1899, 1899] (16, 46)
[1800, 1800] (39, 134)
[1867, 1867] (95, 84)
[1663, 1663] (26, 25)
[1768, 1768] (46, 134)
[1199, 1199] (104, 158)
[1622, 1622] (40, 42)
[1589, 1589] (169, 93)
[1833, 1833] (189, 183)
[1126, 1126] (143, 68)
[1516, 1516] (149, 48)
[1669, 1669] (79, 101)
[1211, 1211] (161, 147)
[1662, 1662] (97, 142)
[1757, 1757] (122, 26)
[1101, 1101] (49, 115)
[1845, 1845] (28, 83)
[1684, 1684] (97, 26)
[1684, 1684] (225, 593)
[1684, 1684] (355, 370)
[1684, 1684] (485, 140)
[1684, 1684] (613, 708)
[1684, 1684] (742, 484)
[3201, 3201] (28, 9)
[2778, 2778] (28, 58)
[3113, 3113] (3, 50)
[3331, 3331] (16, 7)
[2866, 2866] (58, 8)
[2960, 2960] (39, 33)
[2426, 2426] (10, 2)
[0, 0] (295, 318)
[3437, 3437] (154, 349)
[3437, 3437] (341, 75)
[3437, 3437] (526, 353)
[3460, 3866] (27, 7)
pgm: 
----------RESULT----------
pgm results for N = 4039; s = 1; nb_seed = 20
	common nodes count G1 and G2 = 4039
	matched = 3631
	correct matches = 2938	 wrong matches = 693
	recall = 0.727408
	precision = 0.809143
	F1-score = 0.766102
