Start read graph: /home/ildar/projects/GraphMatching/data/facebook_combined.txt
n = 4039
Graph created
N = 4039
E = 88234
p = 0.01082
THEOREM 1:
	n^(-1) << p <= n^(-5/6 - e) 	e = 0.001	[1/6 > e > 0]
	0.000247586 << p <= 0.000979863 (FALSE)
pt = 1
ps = 1
r = 2
a_c = 1.05741: initial seed set.
------------------------------------
Generate G1
	generate subgraph
	V_count = 4039
Generate G2
	generate subgraph
	V_count = 4039
same = 4039;  N * pt * pt = 4039
0
Done with the seeds!
[107, 107] (100, 419)
[107, 107] (204, 844)
[107, 107] (308, 221)
[107, 107] (412, 643)
[107, 107] (516, 24)
[107, 107] (619, 442)
[107, 107] (719, 867)
[107, 107] (825, 245)
[107, 107] (928, 666)
[107, 107] (1033, 47)
[3437, 3437] (173, 117)
[3437, 3437] (373, 228)
[1912, 1912] (20, 557)
[1912, 1912] (163, 265)
[1912, 1912] (301, 728)
[1912, 1912] (444, 435)
[1912, 1912] (585, 145)
[1912, 1912] (724, 607)
[0, 0] (249, 187)
[2347, 2347] (110, 239)
[1431, 1431] (2, 81)
[1888, 1888] (250, 120)
[1800, 1800] (180, 60)
[1199, 1199] (33, 137)
[1612, 1612] (100, 103)
[1352, 1352] (176, 18)
[1126, 1126] (118, 152)
[1746, 1746] (50, 164)
[1516, 1516] (30, 70)
[1827, 1827] (65, 52)
[1146, 1146] (20, 42)
[1491, 1491] (112, 40)
[1736, 1736] (105, 14)
[1291, 1291] (26, 65)
[1816, 1816] (100, 110)
[1214, 1214] (22, 60)
[484, 484] (0, 10)
[483, 483] (5, 38)
[1692, 1692] (36, 12)
[348, 348] (210, 187)
[493, 493] (23, 41)
[1104, 1104] (10, 3)
[2111, 2111] (59, 171)
[2081, 2081] (51, 102)
[2068, 2068] (135, 56)
[2543, 2543] (235, 163)
[2598, 2598] (139, 63)
[2138, 2138] (103, 86)
[2125, 2125] (81, 94)
[2567, 2567] (52, 2)
[2038, 2038] (85, 118)
[1985, 1985] (220, 39)
[2233, 2233] (48, 202)
[2526, 2526] (48, 133)
[2324, 2324] (137, 18)
[2604, 2428] (60, 19)
[2131, 2131] (121, 102)
[2395, 2395] (130, 134)
[2150, 2150] (184, 126)
[2088, 2244] (53, 9)
[2507, 2088] (51, 87)
[2601, 2601] (95, 111)
[1938, 1946] (167, 119)
[1962, 2220] (54, 135)
[2059, 2059] (87, 76)
[2064, 2275] (80, 145)
[1917, 1917] (31, 156)
[2356, 2356] (18, 87)
[2339, 2339] (166, 17)
[2623, 2623] (121, 84)
[3154, 3154] (79, 32)
[3350, 3350] (32, 30)
[3344, 3344] (12, 42)
[2956, 2956] (55, 81)
[2960, 2960] (77, 51)
[2757, 2757] (78, 12)
[592, 636] (10, 12)
[3835, 3921] (16, 11)
[304, 304] (4, 12)
pgm: 
----------RESULT----------
pgm results for N = 4039; s = 1; nb_seed = 160
	common nodes count G1 and G2 = 4039
	matched = 3917
	correct matches = 3640	 wrong matches = 277
	recall = 0.901213
	precision = 0.929283
	F1-score = 0.915033
