Start read graph: /home/ildar/projects/GraphMatching/data/facebook_combined.txt
n = 4039
Graph created
N = 4039
E = 88234
p = 0.01082
THEOREM 1:
	n^(-1) << p <= n^(-5/6 - e) 	e = 0.001	[1/6 > e > 0]
	0.000247586 << p <= 0.000979863 (FALSE)
pt = 1
ps = 1
r = 2
a_c = 1.05741: initial seed set.
------------------------------------
Generate G1
	generate subgraph
	V_count = 4039
Generate G2
	generate subgraph
	V_count = 4039
same = 4039;  N * pt * pt = 4039
0
Done with the seeds!
[107, 107] (98, 939)
[107, 107] (196, 836)
[107, 107] (295, 731)
[107, 107] (392, 625)
[107, 107] (491, 520)
[107, 107] (589, 417)
[107, 107] (689, 314)
[107, 107] (786, 209)
[107, 107] (884, 105)
[107, 107] (981, 1)
[1912, 1912] (47, 584)
[1912, 1912] (182, 352)
[1912, 1912] (319, 118)
[1912, 1912] (452, 640)
[1912, 1912] (588, 407)
[1912, 1912] (722, 173)
[1684, 1684] (96, 33)
[1684, 1684] (223, 213)
[1684, 1684] (351, 392)
[1684, 1684] (480, 571)
[1684, 1684] (609, 754)
[1684, 1684] (737, 142)
[1584, 1584] (208, 49)
[1126, 1126] (126, 143)
[1390, 1800] (191, 171)
[1471, 1391] (32, 172)
[1816, 1816] (116, 21)
[1757, 1888] (81, 210)
[1730, 1522] (120, 99)
[1707, 1746] (39, 66)
[966, 966] (100, 5)
[1367, 1211] (135, 64)
[1603, 1603] (44, 17)
[1610, 1610] (79, 13)
[1613, 1613] (60, 100)
[1551, 1551] (72, 160)
[1420, 1420] (69, 88)
[1604, 1604] (102, 114)
[1605, 1605] (14, 80)
[1366, 1366] (21, 58)
[483, 483] (200, 30)
[517, 517] (98, 89)
[436, 436] (19, 54)
[1871, 1871] (24, 6)
[1459, 1459] (96, 54)
[1465, 1465] (45, 13)
[2510, 2289] (52, 149)
[2042, 2087] (44, 152)
[2102, 2555] (13, 130)
[2328, 2282] (8, 58)
[2384, 2384] (182, 41)
[2196, 2196] (32, 96)
[2007, 2007] (165, 137)
[1941, 1941] (200, 181)
[2268, 2268] (67, 70)
[1985, 1985] (81, 125)
[2560, 2560] (116, 198)
[2142, 2142] (213, 102)
[2229, 2229] (129, 95)
[2611, 2611] (155, 143)
[2551, 2551] (109, 82)
[1983, 1983] (60, 3)
[2240, 2240] (116, 198)
[2078, 2078] (197, 80)
[1993, 2586] (46, 121)
[2206, 2464] (169, 155)
[2090, 1993] (59, 158)
[2030, 2354] (49, 65)
[2059, 2059] (13, 115)
[2123, 2123] (13, 81)
[2590, 2590] (142, 112)
[2369, 2369] (128, 11)
[2356, 2356] (169, 155)
[2339, 2339] (65, 129)
[2033, 2033] (161, 73)
[1951, 1951] (21, 20)
[3434, 3434] (40, 71)
[3397, 3397] (101, 5)
[3154, 3154] (28, 20)
[0, 0] (37, 307)
[0, 0] (335, 100)
[2866, 2866] (71, 52)
[2985, 2985] (44, 1)
[56, 322] (13, 31)
[3830, 3604] (30, 57)
pgm: 
----------RESULT----------
pgm results for N = 4039; s = 1; nb_seed = 30
	common nodes count G1 and G2 = 4039
	matched = 3633
	correct matches = 3216	 wrong matches = 417
	recall = 0.796237
	precision = 0.885219
	F1-score = 0.838373
