Start read graph: /home/ildar/projects/GraphMatching/data/facebook_combined.txt
n = 4039
Graph created
N = 4039
E = 88234
p = 0.01082
THEOREM 1:
	n^(-1) << p <= n^(-5/6 - e) 	e = 0.001	[1/6 > e > 0]
	0.000247586 << p <= 0.000979863 (FALSE)
pt = 1
ps = 1
r = 2
a_c = 1.05741: initial seed set.
------------------------------------
Generate G1
	generate subgraph
	V_count = 4039
Generate G2
	generate subgraph
	V_count = 4039
same = 4039;  N * pt * pt = 4039
0
Done with the seeds!
[1684, 1684] (131, 423)
[1684, 1684] (262, 55)
[1684, 1684] (391, 481)
[1684, 1684] (522, 112)
[1684, 1684] (655, 538)
[1684, 1684] (785, 170)
[107, 107] (94, 915)
[107, 107] (193, 909)
[107, 107] (293, 903)
[107, 107] (391, 897)
[107, 107] (490, 891)
[107, 107] (587, 885)
[107, 107] (685, 879)
[107, 107] (783, 873)
[107, 107] (881, 867)
[107, 107] (978, 861)
[1912, 1912] (43, 617)
[1912, 1912] (181, 444)
[1912, 1912] (318, 271)
[1912, 1912] (456, 101)
[1912, 1912] (593, 685)
[1912, 1912] (729, 510)
[483, 483] (147, 122)
[431, 431] (37, 68)
[461, 461] (34, 24)
[1086, 1086] (92, 32)
[1727, 1727] (16, 1)
[1235, 1235] (8, 85)
[1479, 1479] (78, 51)
[1604, 1604] (10, 19)
[1222, 1222] (4, 40)
[1768, 1768] (54, 141)
[1352, 1352] (97, 219)
[1746, 1746] (120, 74)
[1613, 1613] (177, 60)
[1827, 1827] (143, 39)
[1391, 1391] (136, 135)
[1420, 1420] (29, 40)
[1603, 1603] (112, 5)
[1269, 1269] (11, 63)
[1367, 1367] (55, 155)
[946, 946] (116, 99)
[1757, 1757] (71, 20)
[1816, 1816] (121, 128)
[1083, 1083] (15, 4)
[1534, 1534] (2, 22)
[2543, 2543] (4, 181)
[2333, 2081] (139, 51)
[2491, 1945] (20, 41)
[2153, 2153] (22, 9)
[2592, 2183] (103, 120)
[2347, 2347] (86, 187)
[1920, 1920] (58, 113)
[2511, 2511] (81, 99)
[2246, 2246] (93, 65)
[1985, 1985] (83, 172)
[2142, 2142] (110, 199)
[2542, 2542] (35, 95)
[2611, 2611] (83, 63)
[2526, 2526] (140, 35)
[2131, 2131] (4, 154)
[2309, 2184] (168, 71)
[2078, 2078] (120, 134)
[2410, 2410] (145, 80)
[2244, 2244] (96, 81)
[2090, 2507] (137, 112)
[2601, 2601] (170, 98)
[1984, 1984] (71, 25)
[2030, 2586] (35, 137)
[2590, 2590] (141, 37)
[2064, 2064] (104, 163)
[2108, 2108] (115, 132)
[2573, 2573] (95, 28)
[2500, 2500] (62, 164)
[2307, 2307] (103, 104)
[1371, 1371] (11, 8)
[2742, 2742] (81, 13)
[3150, 3150] (81, 71)
[3019, 3019] (0, 27)
[3078, 3078] (48, 71)
[2782, 2782] (19, 88)
[2915, 2915] (20, 52)
[3437, 3437] (111, 335)
[3437, 3437] (299, 65)
[3437, 3437] (485, 339)
[3948, 3830] (4, 66)
[3758, 3758] (2, 35)
pgm: 
----------RESULT----------
pgm results for N = 4039; s = 1; nb_seed = 60
	common nodes count G1 and G2 = 4039
	matched = 3821
	correct matches = 3445	 wrong matches = 376
	recall = 0.852934
	precision = 0.901596
	F1-score = 0.87659
