Start read graph: /home/ildar/projects/GraphMatching/data/facebook_combined.txt
n = 4039
Graph created
N = 4039
E = 88234
p = 0.01082
THEOREM 1:
	n^(-1) << p <= n^(-5/6 - e) 	e = 0.001	[1/6 > e > 0]
	0.000247586 << p <= 0.000979863 (FALSE)
pt = 1
ps = 1
r = 2
a_c = 1.05741: initial seed set.
------------------------------------
Generate G1
	generate subgraph
	V_count = 4039
Generate G2
	generate subgraph
	V_count = 4039
same = 4039;  N * pt * pt = 4039
0
Done with the seeds!
[107, 107] (96, 550)
[107, 107] (194, 53)
[107, 107] (291, 605)
[107, 107] (390, 109)
[107, 107] (486, 660)
[107, 107] (583, 164)
[107, 107] (680, 714)
[107, 107] (777, 218)
[107, 107] (875, 768)
[107, 107] (973, 272)
[1684, 1684] (33, 782)
[1684, 1684] (162, 171)
[1684, 1684] (289, 351)
[1684, 1684] (417, 533)
[1684, 1684] (546, 712)
[1684, 1684] (674, 99)
[1912, 1912] (11, 679)
[1912, 1912] (147, 176)
[1912, 1912] (281, 430)
[1912, 1912] (414, 682)
[1912, 1912] (548, 179)
[1912, 1912] (682, 433)
[1377, 1391] (90, 149)
[1584, 1211] (55, 83)
[1799, 1376] (106, 62)
[1589, 1589] (57, 111)
[1663, 1714] (189, 67)
[1888, 946] (4, 2)
[1399, 1199] (20, 14)
[1835, 1522] (48, 15)
[1730, 1059] (178, 29)
[1267, 1835] (12, 91)
[1086, 1768] (48, 136)
[1683, 1839] (51, 45)
[1149, 1146] (3, 141)
[1600, 1600] (110, 98)
[1330, 1520] (101, 73)
[1718, 1718] (130, 75)
[1469, 1469] (52, 3)
[637, 637] (64, 99)
[641, 641] (53, 21)
[414, 414] (134, 119)
[1871, 1871] (72, 22)
[1479, 1479] (62, 73)
[592, 592] (27, 7)
[2028, 2054] (72, 95)
[2081, 2283] (11, 123)
[2598, 2187] (101, 38)
[2543, 2196] (84, 47)
[2196, 2629] (104, 114)
[2461, 2461] (52, 20)
[2347, 2347] (265, 80)
[1941, 1941] (174, 15)
[2038, 2038] (83, 59)
[1985, 1985] (149, 33)
[2560, 2560] (195, 108)
[2542, 2542] (75, 20)
[2229, 2229] (132, 22)
[2395, 2395] (24, 165)
[2604, 2428] (62, 118)
[2410, 2410] (127, 131)
[2602, 2602] (5, 3)
[2150, 2150] (85, 118)
[2615, 2586] (125, 72)
[2206, 2464] (100, 52)
[1938, 1993] (137, 32)
[2030, 2340] (47, 174)
[2590, 2590] (56, 86)
[2220, 2220] (158, 133)
[2414, 2414] (82, 47)
[2020, 2020] (59, 78)
[2409, 2409] (138, 140)
[2655, 2655] (155, 11)
[2600, 2600] (170, 123)
[2365, 2365] (7, 35)
[3150, 3150] (59, 24)
[3291, 3291] (32, 55)
[3345, 3345] (25, 54)
[2839, 2839] (109, 15)
[2966, 2755] (70, 11)
[2943, 2943] (54, 35)
[0, 0] (103, 108)
[3756, 3577] (5, 13)
[67, 315] (31, 23)
[828, 830] (45, 16)
pgm: 
----------RESULT----------
pgm results for N = 4039; s = 1; nb_seed = 25
	common nodes count G1 and G2 = 4039
	matched = 3778
	correct matches = 2849	 wrong matches = 929
	recall = 0.705373
	precision = 0.754103
	F1-score = 0.728924
