Start read graph: /home/ildar/projects/GraphMatching/data/facebook_combined.txt
n = 4039
Graph created
N = 4039
E = 88234
p = 0.01082
THEOREM 1:
	n^(-1) << p <= n^(-5/6 - e) 	e = 0.001	[1/6 > e > 0]
	0.000247586 << p <= 0.000979863 (FALSE)
pt = 1
ps = 1
r = 2
a_c = 1.05741: initial seed set.
------------------------------------
Generate G1
	generate subgraph
	V_count = 4039
Generate G2
	generate subgraph
	V_count = 4039
same = 4039;  N * pt * pt = 4039
0
Done with the seeds!
[107, 107] (100, 41)
[107, 107] (200, 83)
[107, 107] (302, 125)
[107, 107] (404, 168)
[107, 107] (504, 209)
[107, 107] (602, 251)
[107, 107] (707, 293)
[107, 107] (809, 335)
[107, 107] (907, 376)
[107, 107] (1005, 419)
[1684, 1684] (79, 89)
[1684, 1684] (210, 375)
[1684, 1684] (342, 675)
[1684, 1684] (475, 169)
[1684, 1684] (608, 457)
[1684, 1684] (741, 754)
[1912, 1912] (87, 97)
[1912, 1912] (224, 476)
[1912, 1912] (364, 101)
[1912, 1912] (502, 480)
[1912, 1912] (641, 105)
[1589, 1589] (95, 99)
[1199, 1199] (60, 58)
[1431, 1431] (106, 78)
[1746, 1833] (128, 184)
[1730, 1730] (55, 145)
[1663, 1663] (222, 57)
[1126, 1126] (48, 26)
[1839, 1839] (131, 116)
[1376, 1376] (46, 53)
[1827, 1827] (82, 91)
[1471, 1471] (12, 9)
[1768, 1768] (195, 98)
[1757, 1757] (124, 91)
[1302, 1302] (14, 94)
[1269, 1269] (46, 48)
[1752, 1752] (93, 80)
[1877, 1877] (60, 7)
[483, 483] (53, 68)
[475, 475] (115, 17)
[492, 492] (26, 34)
[519, 519] (10, 16)
[1502, 1502] (10, 16)
[1192, 1192] (52, 81)
[2111, 2111] (77, 101)
[2054, 2054] (3, 102)
[2187, 2187] (113, 119)
[2289, 2289] (138, 92)
[2149, 2149] (32, 96)
[2511, 2511] (81, 19)
[2241, 2241] (21, 79)
[1920, 1920] (32, 56)
[1941, 1941] (1, 114)
[136, 136] (124, 102)
[2233, 2233] (50, 12)
[2142, 2142] (117, 2)
[2324, 2324] (99, 97)
[2526, 2526] (47, 178)
[2428, 2604] (125, 69)
[2410, 2410] (62, 78)
[2309, 2309] (119, 36)
[2078, 2078] (167, 93)
[2340, 2030] (10, 75)
[2206, 1938] (54, 132)
[2090, 2206] (77, 139)
[2601, 2601] (118, 20)
[2564, 2564] (4, 48)
[2464, 2464] (83, 154)
[2593, 2593] (22, 4)
[2064, 2275] (172, 97)
[2326, 2326] (105, 145)
[2376, 2376] (172, 31)
[1979, 1979] (153, 95)
[2538, 2538] (40, 50)
[3437, 3437] (127, 489)
[3437, 3437] (317, 63)
[3437, 3437] (507, 183)
[3366, 3162] (27, 54)
[3344, 3344] (0, 72)
[2828, 2828] (57, 45)
[2839, 2839] (92, 120)
[2966, 2966] (33, 23)
[3033, 3033] (37, 62)
[0, 0] (84, 339)
[3495, 3721] (38, 1)
[3924, 3924] (12, 16)
[686, 745] (79, 8)
pgm: 
----------RESULT----------
pgm results for N = 4039; s = 1; nb_seed = 80
	common nodes count G1 and G2 = 4039
	matched = 3826
	correct matches = 3410	 wrong matches = 416
	recall = 0.844268
	precision = 0.89127
	F1-score = 0.867133
