Start read graph: /home/ildar/projects/GraphMatching/data/facebook_combined.txt
n = 4039
Graph created
N = 4039
E = 88234
p = 0.01082
THEOREM 1:
	n^(-1) << p <= n^(-5/6 - e) 	e = 0.001	[1/6 > e > 0]
	0.000247586 << p <= 0.000979863 (FALSE)
pt = 1
ps = 1
r = 2
a_c = 1.05741: initial seed set.
------------------------------------
Generate G1
	generate subgraph
	V_count = 4039
Generate G2
	generate subgraph
	V_count = 4039
same = 4039;  N * pt * pt = 4039
0
Done with the seeds!
[107, 107] (103, 955)
[107, 107] (206, 865)
[107, 107] (309, 775)
[107, 107] (409, 682)
[107, 107] (510, 592)
[107, 107] (612, 496)
[107, 107] (714, 406)
[107, 107] (816, 318)
[107, 107] (924, 228)
[107, 107] (1023, 136)
[1912, 1912] (113, 106)
[1912, 1912] (251, 522)
[1912, 1912] (395, 185)
[1912, 1912] (540, 600)
[1912, 1912] (681, 262)
[1684, 1684] (64, 683)
[1684, 1684] (196, 181)
[1684, 1684] (328, 472)
[1684, 1684] (461, 763)
[1684, 1684] (594, 264)
[1684, 1684] (727, 553)
[3437, 3437] (101, 101)
[3437, 3437] (298, 319)
[3437, 3437] (492, 533)
[2543, 2543] (272, 1)
[1941, 1941] (88, 25)
[2266, 2266] (188, 192)
[2240, 2240] (162, 190)
[2601, 2489] (56, 13)
[2354, 2369] (13, 59)
[2188, 2586] (124, 152)
[2059, 1938] (54, 79)
[2521, 2521] (17, 31)
[2078, 2184] (118, 116)
[2131, 1946] (34, 110)
[1971, 1971] (104, 132)
[2218, 2218] (103, 131)
[2073, 2073] (128, 126)
[2309, 2578] (160, 81)
[2408, 2408] (105, 59)
[2308, 2308] (77, 5)
[2615, 2615] (180, 60)
[2376, 2376] (135, 3)
[2468, 2468] (134, 151)
[2384, 2384] (117, 65)
[2292, 2292] (19, 61)
[2328, 2328] (115, 14)
[2138, 2138] (135, 123)
[2224, 2224] (88, 114)
[2463, 2463] (119, 10)
[2174, 2174] (24, 69)
[1663, 1663] (34, 135)
[1730, 1730] (144, 80)
[1707, 1707] (66, 14)
[1584, 1584] (163, 149)
[1888, 1888] (178, 13)
[1211, 1211] (106, 102)
[1793, 1793] (93, 133)
[1736, 1736] (148, 110)
[1827, 1827] (120, 174)
[1612, 1612] (183, 187)
[1669, 1669] (10, 69)
[1367, 1367] (117, 34)
[1086, 1086] (3, 12)
[1598, 1598] (70, 90)
[1238, 1238] (66, 82)
[1570, 1570] (6, 13)
[483, 483] (139, 152)
[538, 538] (77, 28)
[348, 348] (145, 99)
[1444, 1444] (16, 16)
[1204, 1204] (3, 32)
[1345, 1345] (9, 8)
[0, 0] (151, 261)
[2659, 2659] (30, 40)
[3330, 3330] (89, 47)
[3347, 3347] (58, 67)
[3280, 3280] (83, 98)
[3363, 3363] (26, 122)
[2944, 2944] (73, 37)
[3339, 3339] (69, 17)
[3674, 3674] (14, 36)
[828, 828] (67, 26)
[109, 109] (22, 20)
pgm: 
----------RESULT----------
pgm results for N = 4039; s = 1; nb_seed = 120
	common nodes count G1 and G2 = 4039
	matched = 3904
	correct matches = 3578	 wrong matches = 326
	recall = 0.885863
	precision = 0.916496
	F1-score = 0.900919
