Start read graph: /home/ildar/projects/GraphMatching/data/facebook_combined.txt
n = 4039
Graph created
N = 4039
E = 88234
p = 0.01082
THEOREM 1:
	n^(-1) << p <= n^(-5/6 - e) 	e = 0.001	[1/6 > e > 0]
	0.000247586 << p <= 0.000979863 (FALSE)
pt = 1
ps = 1
r = 2
a_c = 1.05741: initial seed set.
------------------------------------
Generate G1
	generate subgraph
	V_count = 4039
Generate G2
	generate subgraph
	V_count = 4039
same = 4039;  N * pt * pt = 4039
0
Done with the seeds!
[107, 107] (95, 1013)
[107, 107] (191, 981)
[107, 107] (287, 950)
[107, 107] (383, 919)
[107, 107] (479, 888)
[107, 107] (576, 857)
[107, 107] (673, 826)
[107, 107] (769, 795)
[107, 107] (866, 764)
[107, 107] (962, 733)
[1684, 1684] (18, 62)
[1684, 1684] (144, 779)
[1684, 1684] (272, 704)
[1684, 1684] (400, 629)
[1684, 1684] (527, 554)
[1684, 1684] (654, 477)
[1684, 1684] (783, 401)
[1491, 1800] (100, 114)
[1584, 1653] (153, 65)
[1746, 1250] (171, 30)
[1888, 1198] (8, 11)
[1431, 1584] (53, 179)
[1390, 1589] (108, 190)
[946, 1199] (58, 136)
[1603, 1376] (128, 0)
[1126, 1804] (36, 155)
[1757, 1730] (64, 145)
[1267, 1132] (118, 27)
[1823, 1735] (16, 101)
[978, 916] (102, 64)
[1447, 1604] (39, 15)
[1718, 1718] (113, 14)
[3179, 3179] (49, 20)
[3280, 3280] (84, 101)
[3335, 3335] (36, 36)
[3412, 3412] (15, 17)
[3195, 2966] (50, 29)
[3054, 3054] (30, 56)
[484, 1487] (66, 13)
[1237, 637] (5, 51)
[348, 348] (24, 11)
[506, 506] (11, 36)
[1275, 1275] (0, 6)
[1235, 1235] (31, 44)
[1596, 1596] (60, 11)
[1912, 1912] (86, 199)
[1912, 1912] (219, 586)
[1912, 1912] (354, 218)
[1912, 1912] (488, 606)
[1912, 1912] (622, 238)
[1216, 1733] (10, 16)
[2510, 2333] (64, 51)
[2054, 2149] (140, 38)
[1945, 2598] (126, 32)
[2153, 2081] (17, 165)
[2332, 2543] (41, 24)
[2007, 1920] (60, 92)
[2194, 2372] (29, 94)
[2247, 2127] (58, 11)
[2468, 2468] (87, 61)
[2142, 2142] (195, 127)
[2278, 2278] (58, 129)
[2229, 2229] (23, 7)
[2542, 2542] (124, 65)
[2324, 2324] (190, 147)
[2348, 2348] (85, 3)
[2331, 2331] (115, 155)
[2428, 2201] (83, 60)
[1993, 2428] (106, 127)
[2244, 1946] (5, 154)
[2201, 1938] (87, 19)
[2464, 2625] (51, 113)
[1962, 2121] (157, 92)
[2090, 2118] (120, 78)
[2601, 2601] (152, 14)
[2607, 2607] (177, 160)
[1917, 1917] (92, 46)
[2526, 2526] (53, 164)
[2323, 2323] (118, 108)
[2447, 1995] (44, 21)
[0, 0] (132, 22)
[3437, 3437] (49, 505)
[3437, 3437] (236, 47)
[3437, 3437] (420, 137)
[271, 122] (34, 10)
[3488, 3488] (42, 37)
pgm: 
----------RESULT----------
pgm results for N = 4039; s = 1; nb_seed = 11
	common nodes count G1 and G2 = 4039
	matched = 3551
	correct matches = 2462	 wrong matches = 1089
	recall = 0.609557
	precision = 0.693326
	F1-score = 0.648748
