Start read graph: /home/ildar/projects/GraphMatching/data/facebook_combined.txt
n = 4039
Graph created
N = 4039
E = 88234
p = 0.01082
THEOREM 1:
	n^(-1) << p <= n^(-5/6 - e) 	e = 0.001	[1/6 > e > 0]
	0.000247586 << p <= 0.000979863 (FALSE)
pt = 1
ps = 1
r = 2
a_c = 1.05741: initial seed set.
------------------------------------
Generate G1
	generate subgraph
	V_count = 4039
Generate G2
	generate subgraph
	V_count = 4039
same = 4039;  N * pt * pt = 4039
0
Done with the seeds!
[107, 107] (97, 744)
[107, 107] (196, 444)
[107, 107] (293, 146)
[107, 107] (389, 888)
[107, 107] (487, 589)
[107, 107] (587, 289)
[107, 107] (686, 1033)
[107, 107] (783, 733)
[107, 107] (880, 433)
[107, 107] (978, 135)
[3437, 3437] (57, 75)
[3437, 3437] (245, 177)
[3437, 3437] (433, 279)
[0, 0] (115, 273)
[1912, 1912] (30, 547)
[1912, 1912] (166, 45)
[1912, 1912] (300, 297)
[1912, 1912] (433, 550)
[1912, 1912] (568, 49)
[1912, 1912] (701, 300)
[1577, 1577] (130, 147)
[2032, 2054] (137, 129)
[2328, 2032] (107, 26)
[2176, 2498] (32, 65)
[2081, 2616] (119, 45)
[2419, 2419] (98, 31)
[2319, 2028] (108, 19)
[2543, 2319] (32, 69)
[1926, 1926] (92, 86)
[1985, 1985] (97, 169)
[2142, 2142] (98, 16)
[2542, 2542] (66, 94)
[2229, 2229] (73, 206)
[2550, 2550] (28, 109)
[2604, 2428] (119, 30)
[2240, 2240] (187, 144)
[2069, 2069] (150, 158)
[2586, 2615] (46, 167)
[2410, 2030] (47, 70)
[2206, 2059] (128, 19)
[2507, 1938] (170, 30)
[2331, 2331] (37, 159)
[1962, 2201] (155, 113)
[2201, 2118] (175, 112)
[2172, 1962] (25, 25)
[2492, 2492] (150, 98)
[2381, 2381] (51, 9)
[2339, 2339] (122, 86)
[2619, 2619] (99, 89)
[2364, 2364] (30, 20)
[1352, 1352] (163, 81)
[1663, 1621] (127, 29)
[1376, 1663] (102, 128)
[1554, 1431] (2, 90)
[1730, 1589] (125, 21)
[1669, 1554] (42, 1)
[1800, 1800] (81, 206)
[1827, 1827] (6, 149)
[1199, 1199] (168, 132)
[1329, 1613] (47, 55)
[1076, 1076] (90, 128)
[1804, 1804] (164, 37)
[925, 925] (81, 35)
[1610, 1610] (146, 94)
[1132, 1132] (45, 66)
[1604, 1604] (116, 49)
[1909, 1909] (36, 11)
[1783, 1783] (94, 22)
[1358, 1358] (12, 4)
[348, 348] (87, 117)
[465, 465] (58, 38)
[1661, 1661] (68, 15)
[1611, 1611] (19, 3)
[1684, 1684] (87, 70)
[1684, 1684] (215, 638)
[1684, 1684] (343, 412)
[1684, 1684] (472, 186)
[1684, 1684] (600, 753)
[1684, 1684] (732, 529)
[3101, 3101] (94, 82)
[3280, 3280] (4, 35)
[2939, 2939] (49, 22)
[3196, 3196] (19, 36)
[2676, 2676] (70, 60)
[3232, 3232] (102, 48)
[3114, 3114] (32, 11)
[3577, 3633] (22, 49)
[686, 686] (83, 97)
pgm: 
----------RESULT----------
pgm results for N = 4039; s = 1; nb_seed = 35
	common nodes count G1 and G2 = 4039
	matched = 3811
	correct matches = 3210	 wrong matches = 601
	recall = 0.794751
	precision = 0.842299
	F1-score = 0.817834
