Start read graph: /home/ildar/projects/GraphMatching/data/facebook_combined.txt
n = 4039
Graph created
N = 4039
E = 88234
p = 0.01082
THEOREM 1:
	n^(-1) << p <= n^(-5/6 - e) 	e = 0.001	[1/6 > e > 0]
	0.000247586 << p <= 0.000979863 (FALSE)
pt = 1
ps = 1
r = 2
a_c = 1.05741: initial seed set.
------------------------------------
Generate G1
	generate subgraph
	V_count = 4039
Generate G2
	generate subgraph
	V_count = 4039
same = 4039;  N * pt * pt = 4039
0
Done with the seeds!
[1684, 1684] (132, 421)
[1684, 1684] (261, 56)
[1684, 1684] (391, 480)
[1684, 1684] (521, 112)
[1684, 1684] (652, 536)
[1684, 1684] (785, 168)
[1912, 1912] (129, 495)
[1912, 1912] (265, 323)
[1912, 1912] (401, 150)
[1912, 1912] (536, 735)
[1912, 1912] (677, 561)
[107, 107] (42, 785)
[107, 107] (140, 585)
[107, 107] (239, 381)
[107, 107] (336, 179)
[107, 107] (434, 1021)
[107, 107] (532, 818)
[107, 107] (631, 618)
[107, 107] (730, 415)
[107, 107] (828, 213)
[107, 107] (925, 10)
[107, 107] (1022, 851)
[2604, 2090] (103, 30)
[2363, 2030] (136, 122)
[1983, 2369] (176, 36)
[2043, 2586] (108, 108)
[2630, 2139] (54, 17)
[2433, 2244] (7, 73)
[1917, 2464] (164, 179)
[2602, 2240] (65, 146)
[2090, 2275] (91, 135)
[2118, 2123] (165, 26)
[2030, 2625] (73, 96)
[2352, 2611] (9, 175)
[2266, 2103] (21, 5)
[2374, 1943] (92, 120)
[2560, 2549] (189, 105)
[2542, 2271] (67, 25)
[2549, 1985] (126, 142)
[2140, 2140] (50, 5)
[2154, 2154] (144, 154)
[2467, 2467] (21, 4)
[1577, 1577] (157, 162)
[2047, 2047] (165, 145)
[2127, 2127] (67, 12)
[2187, 2087] (75, 119)
[2328, 2328] (41, 160)
[2336, 2336] (57, 97)
[2133, 2133] (114, 65)
[2344, 2344] (72, 33)
[2371, 2371] (35, 28)
[0, 0] (276, 5)
[1746, 1390] (133, 70)
[1390, 1746] (29, 175)
[1833, 1391] (76, 75)
[1352, 1352] (153, 4)
[1707, 1431] (124, 188)
[1589, 1059] (62, 83)
[1888, 1730] (75, 174)
[1516, 1376] (134, 85)
[1211, 1211] (29, 164)
[1839, 1612] (158, 89)
[1059, 1522] (106, 90)
[1185, 1793] (90, 91)
[1376, 1076] (54, 70)
[993, 993] (54, 79)
[1509, 1509] (50, 68)
[1083, 1665] (94, 125)
[484, 484] (26, 4)
[1415, 1415] (25, 20)
[366, 366] (33, 91)
[348, 348] (99, 48)
[370, 370] (26, 58)
[1495, 1495] (17, 41)
[1596, 1596] (62, 17)
[3320, 3320] (17, 81)
[3397, 3397] (50, 34)
[3274, 3274] (35, 45)
[3033, 2916] (66, 23)
[2754, 2754] (38, 43)
[3184, 3184] (29, 57)
[3437, 3437] (148, 292)
[3437, 3437] (335, 394)
[3437, 3437] (522, 499)
[3501, 3495] (23, 15)
[2959, 2879] (9, 1)
pgm: 
----------RESULT----------
pgm results for N = 4039; s = 1; nb_seed = 50
	common nodes count G1 and G2 = 4039
	matched = 3643
	correct matches = 3223	 wrong matches = 420
	recall = 0.79797
	precision = 0.88471
	F1-score = 0.839104
