Start read graph: /home/ildar/projects/GraphMatching/data/facebook_combined.txt
n = 4039
Graph created
N = 4039
E = 88234
p = 0.01082
THEOREM 1:
	n^(-1) << p <= n^(-5/6 - e) 	e = 0.001	[1/6 > e > 0]
	0.000247586 << p <= 0.000979863 (FALSE)
pt = 1
ps = 1
r = 2
a_c = 1.05741: initial seed set.
------------------------------------
Generate G1
	generate subgraph
	V_count = 4039
Generate G2
	generate subgraph
	V_count = 4039
same = 4039;  N * pt * pt = 4039
0
Done with the seeds!
[107, 107] (103, 447)
[107, 107] (204, 892)
[107, 107] (306, 291)
[107, 107] (405, 739)
[107, 107] (506, 138)
[107, 107] (608, 588)
[107, 107] (709, 1027)
[107, 107] (811, 429)
[107, 107] (910, 875)
[107, 107] (1012, 273)
[1912, 1912] (97, 710)
[1912, 1912] (240, 89)
[1912, 1912] (382, 219)
[1912, 1912] (524, 350)
[1912, 1912] (665, 483)
[1684, 1684] (47, 84)
[1684, 1684] (183, 642)
[1684, 1684] (316, 407)
[1684, 1684] (449, 170)
[1684, 1684] (582, 726)
[1684, 1684] (714, 493)
[2543, 2543] (164, 219)
[2347, 2347] (253, 235)
[2369, 2233] (57, 68)
[2410, 2604] (76, 94)
[2244, 2244] (149, 11)
[2550, 2550] (35, 38)
[2354, 2324] (89, 128)
[2131, 2059] (55, 75)
[2611, 2078] (72, 124)
[2059, 2507] (55, 96)
[2142, 2309] (151, 19)
[2123, 2340] (70, 79)
[1983, 1943] (65, 133)
[2624, 2139] (143, 40)
[2275, 2064] (148, 65)
[2088, 2271] (78, 118)
[2326, 2326] (97, 41)
[2140, 2140] (137, 118)
[2359, 2359] (33, 8)
[1577, 1577] (126, 155)
[2047, 2047] (56, 24)
[2087, 2087] (75, 46)
[2138, 2138] (64, 69)
[2199, 2199] (40, 131)
[2336, 2336] (120, 85)
[2509, 2509] (40, 31)
[2594, 2594] (0, 42)
[1888, 1888] (247, 194)
[1554, 1554] (39, 91)
[1621, 1621] (123, 29)
[1610, 1610] (98, 45)
[1730, 1730] (201, 171)
[1211, 1211] (71, 114)
[1839, 1839] (24, 41)
[1431, 1431] (18, 145)
[1584, 1584] (32, 156)
[1612, 1612] (53, 166)
[1793, 1793] (104, 17)
[1367, 1367] (8, 64)
[1391, 1391] (31, 67)
[966, 966] (28, 15)
[1509, 1509] (97, 78)
[1163, 1163] (87, 8)
[1473, 1473] (40, 8)
[483, 483] (134, 110)
[517, 517] (3, 8)
[414, 414] (133, 40)
[1032, 1032] (43, 43)
[1591, 1591] (2, 2)
[2364, 2364] (4, 9)
[3437, 3437] (151, 224)
[3437, 3437] (341, 534)
[3437, 3437] (529, 299)
[0, 0] (214, 302)
[3154, 3154] (10, 2)
[3320, 3320] (64, 10)
[2939, 2939] (44, 10)
[3174, 2839] (56, 32)
[2754, 2754] (116, 12)
[2925, 2925] (39, 35)
[315, 315] (47, 40)
[3604, 3604] (39, 26)
[827, 827] (29, 2)
pgm: 
----------RESULT----------
pgm results for N = 4039; s = 1; nb_seed = 100
	common nodes count G1 and G2 = 4039
	matched = 3924
	correct matches = 3587	 wrong matches = 337
	recall = 0.888091
	precision = 0.914118
	F1-score = 0.900917
