Start read graph: /home/ildar/projects/GraphMatching/data/facebook_combined.txt
n = 4039
Graph created
N = 4039
E = 88234
p = 0.01082
THEOREM 1:
	n^(-1) << p <= n^(-5/6 - e) 	e = 0.001	[1/6 > e > 0]
	0.000247586 << p <= 0.000979863 (FALSE)
pt = 1
ps = 1
r = 2
a_c = 1.05741: initial seed set.
------------------------------------
Generate G1
	generate subgraph
	V_count = 4039
Generate G2
	generate subgraph
	V_count = 4039
same = 4039;  N * pt * pt = 4039
0
Done with the seeds!
[1684, 1684] (137, 732)
[1684, 1684] (276, 677)
[1684, 1684] (415, 620)
[1684, 1684] (552, 562)
[1684, 1684] (690, 504)
[1912, 1912] (37, 572)
[1912, 1912] (178, 280)
[1912, 1912] (317, 742)
[1912, 1912] (458, 451)
[1912, 1912] (599, 160)
[1912, 1912] (740, 623)
[3437, 3437] (177, 33)
[3437, 3437] (375, 448)
[2111, 2111] (70, 65)
[0, 0] (249, 69)
[1768, 1768] (191, 15)
[1376, 1376] (1, 91)
[1800, 1800] (198, 58)
[1663, 1663] (220, 14)
[1612, 1612] (140, 68)
[1352, 1352] (124, 182)
[1391, 1391] (12, 96)
[1199, 1199] (81, 207)
[1554, 1554] (155, 128)
[1185, 1185] (66, 111)
[1211, 1211] (162, 137)
[1367, 1367] (45, 80)
[1707, 1707] (63, 110)
[1079, 1079] (41, 92)
[1867, 1867] (50, 69)
[1191, 1191] (38, 3)
[1577, 1577] (58, 29)
[1469, 1469] (55, 11)
[353, 353] (21, 61)
[348, 348] (38, 29)
[506, 506] (60, 14)
[1235, 1235] (51, 6)
[1448, 1448] (26, 2)
[2543, 2543] (198, 153)
[2394, 2394] (50, 5)
[2510, 2510] (28, 21)
[2319, 2187] (34, 121)
[2133, 2133] (63, 49)
[2174, 2174] (8, 32)
[2347, 2347] (84, 219)
[2327, 2327] (124, 39)
[136, 136] (60, 98)
[2233, 2233] (31, 90)
[2142, 2142] (96, 121)
[2526, 2526] (100, 75)
[2229, 2229] (194, 71)
[2410, 2410] (36, 14)
[2150, 2150] (127, 122)
[2131, 2131] (138, 172)
[2103, 2244] (9, 88)
[2369, 2369] (7, 36)
[1984, 1984] (156, 75)
[1938, 2507] (69, 48)
[2078, 2078] (145, 199)
[2220, 2073] (135, 67)
[2590, 2590] (40, 87)
[2188, 2188] (79, 31)
[2093, 2093] (132, 138)
[2326, 2326] (111, 46)
[2520, 2520] (86, 104)
[2467, 2467] (39, 64)
[1511, 1511] (10, 29)
[2748, 2748] (36, 71)
[3150, 3150] (33, 10)
[3177, 3177] (17, 0)
[2928, 2928] (14, 72)
[3232, 3232] (52, 37)
[686, 686] (75, 72)
[698, 698] (39, 19)
[142, 142] (7, 28)
pgm: 
----------RESULT----------
pgm results for N = 4039; s = 1; nb_seed = 140
	common nodes count G1 and G2 = 4039
	matched = 3900
	correct matches = 3628	 wrong matches = 272
	recall = 0.898242
	precision = 0.930256
	F1-score = 0.913969
