Start read graph: /home/ildar/projects/GraphMatching/data/facebook_combined.txt
n = 4039
Graph created
N = 4039
E = 88234
p = 0.01082
THEOREM 1:
	n^(-1) << p <= n^(-5/6 - e) 	e = 0.001	[1/6 > e > 0]
	0.000247586 << p <= 0.000979863 (FALSE)
pt = 1
ps = 1
r = 2
a_c = 1.05741: initial seed set.
------------------------------------
Generate G1
	generate subgraph
	V_count = 4039
Generate G2
	generate subgraph
	V_count = 4039
same = 4039;  N * pt * pt = 4039
START algorithm time: Tue Dec  1 17:59:54 2015
0
Done with the seeds!
[1912, 1912] (133, 605)
[1912, 1912] (266, 456)
[1912, 1912] (399, 308)
[1912, 1912] (532, 160)
[1912, 1912] (666, 12)
[2509, 2336] (104, 93)
[2081, 2537] (50, 29)
[2344, 2384] (79, 16)
[2461, 2608] (104, 16)
[2555, 2543] (77, 102)
[2133, 2138] (151, 43)
[2102, 2463] (11, 73)
[2010, 1941] (43, 206)
[2150, 2322] (18, 36)
[2212, 2474] (85, 6)
[2018, 2590] (14, 13)
[2006, 2244] (15, 187)
[2440, 2381] (22, 51)
[107, 107] (49, 575)
[107, 107] (145, 737)
[107, 107] (241, 900)
[107, 107] (338, 16)
[107, 107] (434, 177)
[107, 107] (530, 338)
[107, 107] (628, 499)
[107, 107] (726, 663)
[107, 107] (822, 826)
[107, 107] (918, 987)
[107, 107] (1015, 103)
[1471, 1078] (137, 56)
[1006, 1132] (1, 60)
[1598, 1621] (21, 138)
[1804, 1888] (5, 198)
[1619, 1199] (27, 76)
[1833, 1665] (23, 119)
[1288, 1589] (77, 108)
[1714, 1017] (39, 94)
[1584, 1559] (76, 177)
[1589, 1551] (120, 48)
[916, 1612] (36, 57)
[1184, 1330] (140, 69)
[1491, 1447] (47, 11)
[925, 1813] (153, 103)
[997, 1214] (51, 46)
[1703, 1703] (58, 6)
[483, 483] (141, 132)
[475, 475] (0, 5)
[513, 513] (55, 50)
[547, 547] (15, 15)
[1104, 1104] (95, 65)
[1505, 1505] (6, 19)
[1684, 1684] (111, 233)
[1684, 1684] (241, 9)
[1684, 1684] (368, 573)
[1684, 1684] (496, 347)
[1684, 1684] (624, 124)
[1684, 1684] (752, 688)
[2833, 3076] (60, 67)
[3434, 3434] (76, 72)
[3154, 3154] (22, 9)
[2839, 2839] (35, 49)
[2906, 2906] (3, 78)
[2864, 2864] (18, 31)
[0, 0] (76, 262)
[3437, 3437] (14, 461)
[3437, 3437] (201, 5)
[3437, 3437] (385, 94)
[3830, 3633] (90, 15)
[3443, 3443] (0, 20)
END algorithm time: Tue Dec  1 18:00:37 2015
pgm: 
----------RESULT----------
pgm results for N = 4039; s = 1; nb_seed = 7
	common nodes count G1 and G2 = 4039
	matched = 3507
	correct matches = 2119	 wrong matches = 1388
	recall = 0.524635
	precision = 0.60422
	F1-score = 0.561622
