Start read graph: /home/ildar/projects/GraphMatching/data/facebook_combined.txt
n = 4039
Graph created
N = 4039
E = 88234
p = 0.01082
THEOREM 1:
	n^(-1) << p <= n^(-5/6 - e) 	e = 0.001	[1/6 > e > 0]
	0.000247586 << p <= 0.000979863 (FALSE)
pt = 1
ps = 1
r = 2
a_c = 1.05741: initial seed set.
------------------------------------
Generate G1
	generate subgraph
	V_count = 4039
Generate G2
	generate subgraph
	V_count = 4039
same = 4039;  N * pt * pt = 4039
START algorithm time: Tue Dec  1 14:14:37 2015
0
Done with the seeds!
[107, 107] (96, 549)
[107, 107] (195, 53)
[107, 107] (291, 604)
[107, 107] (389, 107)
[107, 107] (485, 658)
[107, 107] (583, 161)
[107, 107] (680, 712)
[107, 107] (777, 217)
[107, 107] (873, 766)
[107, 107] (972, 271)
[3437, 3437] (49, 258)
[3437, 3437] (239, 360)
[3437, 3437] (425, 461)
[0, 0] (104, 341)
[1912, 1912] (25, 113)
[1912, 1912] (159, 501)
[1912, 1912] (294, 132)
[1912, 1912] (427, 520)
[1912, 1912] (562, 151)
[1912, 1912] (697, 539)
[1199, 1447] (12, 27)
[1377, 1584] (189, 116)
[1589, 1589] (193, 68)
[1352, 1551] (172, 157)
[1888, 1804] (112, 125)
[1078, 1078] (132, 44)
[1768, 1768] (114, 133)
[1431, 1431] (92, 31)
[1827, 1827] (134, 21)
[1603, 1126] (47, 81)
[1059, 1059] (102, 162)
[1799, 1799] (10, 126)
[1086, 1086] (85, 107)
[1420, 1420] (5, 47)
[1230, 1230] (8, 43)
[1604, 1604] (146, 109)
[1653, 1653] (22, 5)
[1536, 1536] (44, 80)
[483, 483] (87, 71)
[580, 580] (31, 53)
[559, 559] (69, 57)
[519, 519] (0, 10)
[1104, 1104] (7, 1)
[1684, 1684] (7, 241)
[1684, 1684] (137, 141)
[1684, 1684] (266, 45)
[1684, 1684] (396, 741)
[1684, 1684] (524, 645)
[1684, 1684] (653, 549)
[1684, 1684] (784, 454)
[2199, 2199] (173, 52)
[2187, 2153] (51, 106)
[2289, 2289] (42, 99)
[2282, 2283] (55, 72)
[2153, 1945] (18, 87)
[2007, 2068] (16, 46)
[2347, 2138] (262, 0)
[2127, 2039] (43, 91)
[136, 1955] (41, 83)
[2560, 2560] (90, 147)
[2266, 2266] (200, 87)
[2229, 2229] (115, 182)
[2526, 2526] (6, 115)
[2604, 2218] (97, 129)
[2611, 2602] (167, 24)
[2550, 2615] (153, 108)
[2340, 2030] (152, 82)
[2240, 2172] (3, 50)
[2206, 2118] (38, 64)
[2564, 1946] (35, 4)
[2464, 1993] (115, 53)
[1983, 2121] (197, 41)
[2059, 2184] (6, 28)
[2220, 2340] (61, 146)
[2104, 2374] (25, 100)
[2356, 2356] (88, 94)
[2655, 2655] (83, 65)
[2553, 2553] (92, 7)
[2095, 2095] (59, 16)
[3201, 3201] (56, 79)
[3280, 3280] (87, 93)
[2863, 2863] (6, 5)
[2955, 2955] (14, 33)
[2966, 2966] (32, 34)
[2754, 2754] (46, 45)
[3166, 3166] (23, 35)
[3680, 3680] (22, 29)
END algorithm time: Tue Dec  1 14:15:32 2015
pgm: 
----------RESULT----------
pgm results for N = 4039; s = 1; nb_seed = 35
	common nodes count G1 and G2 = 4039
	matched = 3667
	correct matches = 3171	 wrong matches = 496
	recall = 0.785095
	precision = 0.86474
	F1-score = 0.822995
