Start read graph: /home/ildar/projects/GraphMatching/data/facebook_combined.txt
n = 4039
Graph created
N = 4039
E = 88234
p = 0.01082
THEOREM 1:
	n^(-1) << p <= n^(-5/6 - e) 	e = 0.001	[1/6 > e > 0]
	0.000247586 << p <= 0.000979863 (FALSE)
pt = 1
ps = 1
r = 2
a_c = 1.05741: initial seed set.
------------------------------------
Generate G1
	generate subgraph
	V_count = 4039
Generate G2
	generate subgraph
	V_count = 4039
same = 4039;  N * pt * pt = 4039
0
Done with the seeds!
[107, 107] (97, 745)
[107, 107] (195, 443)
[107, 107] (292, 143)
[107, 107] (390, 889)
[107, 107] (490, 588)
[107, 107] (587, 289)
[107, 107] (683, 1033)
[107, 107] (782, 734)
[107, 107] (879, 432)
[107, 107] (976, 132)
[1684, 1684] (40, 441)
[1684, 1684] (169, 605)
[1684, 1684] (298, 768)
[1684, 1684] (430, 139)
[1684, 1684] (562, 304)
[1684, 1684] (692, 466)
[3437, 3437] (41, 365)
[3437, 3437] (231, 109)
[3437, 3437] (419, 399)
[0, 0] (95, 234)
[1912, 1912] (20, 688)
[1912, 1912] (156, 319)
[1912, 1912] (289, 707)
[1912, 1912] (425, 339)
[1912, 1912] (558, 726)
[1912, 1912] (693, 358)
[2543, 2543] (193, 239)
[2347, 2347] (255, 193)
[2233, 2233] (212, 195)
[2363, 2607] (29, 83)
[2354, 2542] (71, 130)
[2188, 2064] (83, 107)
[2131, 2266] (167, 55)
[2408, 2244] (73, 153)
[2206, 1946] (190, 44)
[2059, 2240] (96, 4)
[2090, 2507] (35, 74)
[2064, 2309] (74, 73)
[2324, 2206] (78, 143)
[2139, 2140] (69, 75)
[2201, 2356] (148, 98)
[1943, 2220] (58, 137)
[2414, 1917] (148, 143)
[2655, 2655] (89, 59)
[2172, 2290] (166, 54)
[2290, 2172] (22, 13)
[2033, 2033] (26, 133)
[2546, 2546] (19, 98)
[2567, 2567] (55, 38)
[2071, 2071] (79, 89)
[2351, 2351] (36, 72)
[2629, 2629] (75, 121)
[1465, 1465] (58, 59)
[2224, 2224] (64, 9)
[2133, 2133] (151, 10)
[2062, 2062] (37, 44)
[56, 67] (31, 31)
[1768, 1768] (137, 93)
[1707, 1078] (96, 121)
[1800, 1800] (50, 123)
[1199, 1199] (88, 113)
[1447, 1377] (48, 97)
[1888, 1888] (53, 80)
[1211, 1211] (107, 32)
[1613, 1613] (74, 18)
[1559, 1559] (165, 94)
[1714, 1714] (161, 36)
[1746, 1746] (131, 93)
[1554, 1554] (107, 72)
[1603, 1603] (68, 13)
[1509, 1509] (111, 40)
[946, 946] (153, 69)
[1488, 1488] (121, 52)
[1826, 1826] (28, 52)
[606, 606] (50, 81)
[1221, 1221] (3, 15)
[1882, 1882] (5, 7)
[348, 348] (202, 30)
[402, 402] (50, 9)
[1661, 1661] (63, 33)
[1413, 1413] (2, 33)
[2716, 2716] (43, 19)
[3101, 3101] (0, 62)
[3280, 3280] (102, 59)
[2920, 2920] (6, 27)
[3363, 3363] (123, 84)
[2940, 2940] (62, 40)
[3596, 3841] (20, 25)
[686, 686] (34, 66)
pgm: 
----------RESULT----------
pgm results for N = 4039; s = 1; nb_seed = 45
	common nodes count G1 and G2 = 4039
	matched = 3861
	correct matches = 3399	 wrong matches = 462
	recall = 0.841545
	precision = 0.880342
	F1-score = 0.860506
