Start read graph: /home/ildar/projects/GraphMatching/data/facebook_combined.txt
n = 4039
Graph created
N = 4039
E = 88234
p = 0.01082
THEOREM 1:
	n^(-1) << p <= n^(-5/6 - e) 	e = 0.001	[1/6 > e > 0]
	0.000247586 << p <= 0.000979863 (FALSE)
pt = 1
ps = 1
r = 2
a_c = 1.05741: initial seed set.
------------------------------------
Generate G1
	generate subgraph
	V_count = 4039
Generate G2
	generate subgraph
	V_count = 4039
same = 4039;  N * pt * pt = 4039
0
Done with the seeds!
[1912, 1912] (132, 739)
[1912, 1912] (266, 724)
[1912, 1912] (400, 709)
[1912, 1912] (534, 694)
[1912, 1912] (667, 679)
[2384, 2384] (40, 112)
[2328, 2344] (27, 45)
[2282, 2377] (119, 89)
[2617, 2617] (91, 49)
[2032, 2032] (87, 102)
[2491, 2491] (103, 76)
[2133, 2133] (103, 15)
[1948, 1948] (24, 86)
[2347, 2347] (133, 146)
[2642, 2642] (126, 57)
[2610, 2610] (20, 13)
[2233, 2233] (36, 94)
[2229, 2229] (36, 146)
[2526, 2526] (100, 188)
[2395, 2395] (174, 168)
[2184, 2184] (55, 132)
[2131, 2131] (110, 109)
[2078, 2078] (146, 202)
[2586, 2030] (120, 165)
[2240, 2244] (155, 60)
[2244, 2240] (135, 85)
[2464, 2206] (13, 109)
[2271, 2482] (59, 35)
[2218, 2218] (161, 96)
[2601, 2601] (167, 177)
[1943, 1943] (125, 100)
[1917, 1917] (157, 21)
[2409, 2409] (106, 175)
[2630, 2630] (33, 20)
[2112, 2112] (113, 28)
[1960, 1960] (19, 0)
[107, 107] (86, 215)
[107, 107] (182, 376)
[107, 107] (278, 537)
[107, 107] (374, 699)
[107, 107] (471, 862)
[107, 107] (568, 1023)
[107, 107] (666, 140)
[107, 107] (762, 302)
[107, 107] (858, 463)
[107, 107] (954, 625)
[1361, 1361] (53, 28)
[1199, 1199] (58, 14)
[1621, 1663] (121, 150)
[1101, 1078] (72, 41)
[1390, 1879] (38, 36)
[1668, 1839] (99, 42)
[1471, 1335] (149, 122)
[1352, 1352] (3, 147)
[1584, 1184] (135, 89)
[1559, 1730] (52, 123)
[1132, 1172] (97, 26)
[1370, 1132] (62, 57)
[1613, 1613] (162, 144)
[1376, 1376] (71, 160)
[993, 993] (59, 34)
[1813, 1813] (59, 24)
[1214, 1214] (66, 43)
[1525, 1525] (0, 37)
[483, 483] (83, 76)
[475, 475] (43, 2)
[513, 513] (48, 73)
[455, 455] (9, 14)
[1277, 1277] (119, 44)
[1684, 1684] (4, 305)
[1684, 1684] (134, 78)
[1684, 1684] (262, 645)
[1684, 1684] (392, 420)
[1684, 1684] (521, 194)
[1684, 1684] (648, 760)
[1684, 1684] (778, 535)
[3060, 3060] (58, 52)
[3291, 3291] (83, 65)
[3154, 3154] (69, 13)
[2839, 2839] (23, 57)
[2905, 2905] (46, 6)
[2909, 2909] (8, 42)
[0, 0] (73, 42)
[3437, 3437] (9, 216)
[3437, 3437] (193, 121)
[3437, 3437] (378, 24)
[3938, 3968] (8, 11)
[119, 186] (11, 27)
pgm: 
----------RESULT----------
pgm results for N = 4039; s = 1; nb_seed = 9
	common nodes count G1 and G2 = 4039
	matched = 3504
	correct matches = 2714	 wrong matches = 790
	recall = 0.671949
	precision = 0.774543
	F1-score = 0.719608
