Start read graph: /home/ildar/projects/GraphMatching/data/facebook_combined.txt
n = 4039
Graph created
N = 4039
E = 88234
p = 0.01082
THEOREM 1:
	n^(-1) << p <= n^(-5/6 - e) 	e = 0.001	[1/6 > e > 0]
	0.000247586 << p <= 0.000979863 (FALSE)
pt = 1
ps = 1
r = 2
a_c = 1.05741: initial seed set.
------------------------------------
Generate G1
	generate subgraph
	V_count = 4039
Generate G2
	generate subgraph
	V_count = 4039
same = 4039;  N * pt * pt = 4039
0
Done with the seeds!
[107, 107] (100, 389)
[107, 107] (198, 776)
[107, 107] (297, 122)
[107, 107] (396, 511)
[107, 107] (494, 897)
[107, 107] (593, 243)
[107, 107] (694, 632)
[107, 107] (792, 1019)
[107, 107] (891, 364)
[107, 107] (991, 751)
[1912, 1912] (60, 589)
[1912, 1912] (199, 7)
[1912, 1912] (334, 180)
[1912, 1912] (471, 353)
[1912, 1912] (606, 528)
[1912, 1912] (741, 701)
[1684, 1684] (115, 336)
[1684, 1684] (245, 240)
[1684, 1684] (373, 144)
[1684, 1684] (505, 47)
[1684, 1684] (634, 744)
[1684, 1684] (764, 649)
[348, 348] (134, 61)
[376, 376] (86, 11)
[500, 500] (17, 37)
[1086, 1086] (113, 20)
[1435, 1435] (48, 30)
[1894, 1894] (58, 53)
[1067, 1067] (70, 22)
[1800, 1800] (208, 80)
[1730, 1730] (166, 103)
[1768, 1768] (0, 79)
[1663, 1663] (233, 119)
[1431, 1431] (14, 39)
[1199, 1199] (8, 41)
[1717, 1717] (125, 128)
[1557, 1557] (109, 61)
[1059, 1059] (38, 21)
[1390, 1390] (72, 79)
[1367, 1367] (97, 83)
[1804, 1804] (76, 109)
[1707, 1707] (67, 110)
[1597, 1597] (15, 26)
[1886, 1886] (6, 32)
[1718, 1718] (65, 31)
[3437, 3437] (59, 73)
[3437, 3437] (248, 4)
[3437, 3437] (437, 484)
[2543, 2543] (8, 62)
[2289, 2289] (143, 18)
[2133, 2133] (123, 157)
[2111, 2111] (16, 43)
[1945, 2028] (78, 32)
[2054, 2054] (76, 67)
[2471, 2471] (129, 117)
[2347, 2347] (253, 280)
[2511, 2511] (139, 91)
[2394, 2394] (21, 17)
[2266, 2266] (82, 26)
[2142, 2142] (193, 130)
[2278, 2278] (167, 15)
[2611, 2611] (82, 163)
[2428, 2604] (164, 131)
[2240, 2240] (16, 109)
[2602, 2602] (197, 27)
[2586, 2615] (136, 100)
[2615, 2586] (175, 26)
[2244, 2507] (150, 76)
[2464, 2206] (69, 47)
[2578, 2578] (40, 46)
[2201, 2073] (28, 144)
[2073, 1962] (124, 9)
[2331, 2331] (164, 60)
[2188, 2188] (33, 166)
[2381, 2381] (147, 58)
[2500, 2500] (90, 174)
[2190, 2190] (138, 164)
[2171, 2171] (49, 57)
[3076, 2833] (77, 53)
[3434, 3434] (55, 53)
[3378, 3378] (33, 42)
[2694, 2694] (27, 79)
[3000, 3000] (49, 37)
[2777, 2777] (25, 10)
[0, 0] (41, 277)
[0, 0] (338, 67)
[3918, 3918] (26, 27)
[698, 698] (45, 17)
pgm: 
----------RESULT----------
pgm results for N = 4039; s = 1; nb_seed = 55
	common nodes count G1 and G2 = 4039
	matched = 3892
	correct matches = 3527	 wrong matches = 365
	recall = 0.873236
	precision = 0.906218
	F1-score = 0.889421
