Start read graph: /home/ildar/projects/GraphMatching/data/facebook_combined.txt
n = 4039
Graph created
N = 4039
E = 88234
p = 0.01082
THEOREM 1:
	n^(-1) << p <= n^(-5/6 - e) 	e = 0.001	[1/6 > e > 0]
	0.000247586 << p <= 0.000979863 (FALSE)
pt = 1
ps = 1
r = 2
a_c = 1.05741: initial seed set.
------------------------------------
Generate G1
	generate subgraph
	V_count = 4039
Generate G2
	generate subgraph
	V_count = 4039
same = 4039;  N * pt * pt = 4039
0
Done with the seeds!
[107, 107] (96, 64)
[107, 107] (192, 131)
[107, 107] (289, 196)
[107, 107] (385, 262)
[107, 107] (481, 327)
[107, 107] (578, 392)
[107, 107] (674, 457)
[107, 107] (771, 522)
[107, 107] (867, 587)
[107, 107] (963, 652)
[1603, 1833] (90, 61)
[1185, 1376] (155, 95)
[1879, 1589] (8, 173)
[1621, 1730] (69, 220)
[1367, 1613] (125, 88)
[1888, 1827] (9, 67)
[1799, 1390] (45, 68)
[1420, 1835] (74, 75)
[1707, 1823] (99, 117)
[1559, 1399] (153, 145)
[1184, 1554] (156, 130)
[1076, 1076] (6, 119)
[1735, 1735] (88, 21)
[1610, 1610] (134, 59)
[1331, 1331] (99, 115)
[1665, 1665] (109, 45)
[1639, 1639] (73, 18)
[1472, 1472] (63, 53)
[483, 483] (218, 94)
[376, 376] (81, 127)
[515, 515] (56, 14)
[1871, 1871] (63, 81)
[1573, 1573] (35, 39)
[1465, 1465] (48, 69)
[1684, 1684] (122, 404)
[1684, 1684] (250, 177)
[1684, 1684] (377, 745)
[1684, 1684] (507, 520)
[1684, 1684] (639, 291)
[1684, 1684] (767, 68)
[3350, 3350] (47, 32)
[2828, 2828] (42, 27)
[2716, 2716] (3, 69)
[2839, 2839] (10, 39)
[2754, 2754] (89, 14)
[3054, 3054] (27, 1)
[1912, 1912] (24, 660)
[1912, 1912] (159, 157)
[1912, 1912] (293, 412)
[1912, 1912] (427, 663)
[1912, 1912] (562, 161)
[1912, 1912] (696, 415)
[0, 0] (135, 8)
[2555, 2125] (36, 9)
[2102, 2642] (130, 67)
[2199, 2598] (52, 106)
[2153, 2032] (118, 121)
[2133, 2461] (17, 95)
[2007, 2292] (36, 26)
[2292, 2068] (102, 18)
[2053, 2347] (102, 238)
[2268, 2327] (11, 103)
[2266, 2266] (107, 220)
[2229, 2542] (28, 95)
[2550, 2521] (107, 133)
[1962, 2410] (16, 197)
[2184, 2112] (129, 21)
[2410, 2103] (42, 170)
[2131, 2624] (20, 85)
[2240, 2428] (34, 45)
[2409, 2218] (19, 190)
[2206, 2507] (74, 171)
[2602, 2309] (0, 160)
[1938, 2184] (108, 155)
[1946, 2590] (119, 194)
[2030, 1962] (169, 62)
[2271, 2104] (170, 70)
[2124, 2326] (84, 45)
[1971, 2381] (36, 84)
[2482, 2045] (153, 166)
[2370, 2323] (100, 47)
[2171, 2236] (19, 28)
[3437, 3437] (156, 464)
[3437, 3437] (340, 369)
[3437, 3437] (527, 272)
[3830, 3495] (16, 40)
[686, 686] (62, 25)
pgm: 
----------RESULT----------
pgm results for N = 4039; s = 1; nb_seed = 13
	common nodes count G1 and G2 = 4039
	matched = 3788
	correct matches = 2581	 wrong matches = 1207
	recall = 0.63902
	precision = 0.681362
	F1-score = 0.659512
