Start read graph: /home/ildar/projects/GraphMatching/data/facebook_combined.txt
n = 4039
Graph created
N = 4039
E = 88234
p = 0.01082
THEOREM 1:
	n^(-1) << p <= n^(-5/6 - e) 	e = 0.001	[1/6 > e > 0]
	0.000247586 << p <= 0.000979863 (FALSE)
pt = 1
ps = 1
r = 2
a_c = 1.05741: initial seed set.
------------------------------------
Generate G1
	generate subgraph
	V_count = 4039
Generate G2
	generate subgraph
	V_count = 4039
same = 4039;  N * pt * pt = 4039
0
Done with the seeds!
[107, 107] (98, 385)
[107, 107] (197, 774)
[107, 107] (297, 118)
[107, 107] (397, 505)
[107, 107] (496, 894)
[107, 107] (594, 240)
[107, 107] (692, 626)
[107, 107] (793, 1019)
[107, 107] (893, 360)
[107, 107] (990, 749)
[1684, 1684] (59, 160)
[1684, 1684] (190, 585)
[1684, 1684] (322, 218)
[1684, 1684] (452, 643)
[1684, 1684] (582, 274)
[1684, 1684] (714, 699)
[1912, 1912] (54, 580)
[1912, 1912] (192, 132)
[1912, 1912] (327, 443)
[1912, 1912] (465, 753)
[1912, 1912] (601, 308)
[1912, 1912] (735, 617)
[0, 0] (263, 204)
[1014, 1014] (91, 48)
[896, 896] (7, 60)
[1298, 1298] (33, 56)
[1686, 1686] (7, 33)
[1080, 1080] (57, 8)
[348, 348] (5, 163)
[438, 438] (32, 46)
[1800, 1800] (13, 164)
[1222, 1222] (12, 30)
[1768, 1768] (207, 41)
[1867, 1867] (62, 103)
[1199, 1199] (169, 194)
[1888, 1888] (54, 3)
[1761, 1761] (81, 116)
[1126, 1126] (99, 2)
[1059, 1059] (67, 153)
[1612, 1612] (169, 28)
[1714, 1714] (157, 77)
[1390, 1390] (42, 17)
[946, 946] (117, 142)
[1879, 1879] (130, 130)
[1361, 1361] (2, 104)
[1605, 1605] (55, 15)
[908, 908] (26, 29)
[3437, 3437] (183, 321)
[3437, 3437] (372, 254)
[2543, 2543] (22, 245)
[2555, 2333] (13, 144)
[2111, 2068] (102, 124)
[2081, 2081] (160, 110)
[2598, 2598] (159, 160)
[2347, 2347] (142, 185)
[2282, 2336] (81, 43)
[2336, 2032] (64, 50)
[2289, 2289] (80, 121)
[2344, 2344] (33, 2)
[1985, 1985] (135, 213)
[2266, 2266] (161, 136)
[2560, 2560] (86, 99)
[2526, 2526] (117, 16)
[2611, 2611] (199, 100)
[2410, 2410] (107, 89)
[2069, 2069] (37, 123)
[2428, 2615] (72, 99)
[2131, 2131] (78, 189)
[2244, 2428] (69, 64)
[2507, 1946] (108, 101)
[2121, 2121] (33, 83)
[2340, 2340] (2, 126)
[2118, 2124] (58, 84)
[2124, 2020] (131, 71)
[2607, 2607] (124, 144)
[2275, 2275] (110, 2)
[2188, 2188] (150, 128)
[1929, 1929] (91, 63)
[2115, 2115] (24, 0)
[56, 67] (77, 74)
[2739, 2739] (30, 3)
[3252, 3252] (3, 43)
[2778, 2778] (23, 87)
[2839, 2839] (97, 79)
[3078, 3078] (41, 62)
[2943, 2943] (38, 0)
[747, 747] (56, 42)
[3838, 3488] (45, 41)
pgm: 
----------RESULT----------
pgm results for N = 4039; s = 1; nb_seed = 70
	common nodes count G1 and G2 = 4039
	matched = 3749
	correct matches = 3103	 wrong matches = 646
	recall = 0.768259
	precision = 0.827687
	F1-score = 0.796867
