10 7.99996800013e-06
10 2.19987900665e-05
10 2.59981541311e-05
10 2.39983201176e-05
20 5.19938127363e-05
20 7.19874022046e-05
50 0.000109992630494
100 1.999998e-06
100 0.000129991550549
100 0.000127991808524
100 0.000211977530382
200 0.000135990952602
200 0.000159987201024
200 0.000339939150892
200 0.000599788274739
300 0.000149988300913
400 0.000191981569769
400 0.000323947520502
1000 0.0010594384976
1000 0.00128117876441
1000 0.00216964376687
1251 0.00392626917599
1251 0.00237717116631
1251 0.00304334672286
1260 0.00351181569257
1300 0.000419911818518
1300 0.0018462313104
1300 0.00206737443447
2000 0.999938
2000 0.00182806408014
