Start read graph: /home/ildar/projects/GraphMatching/data/rg_chung_lu_beta_991_n_100000.txt
n = 100000
Graph created
N = 100000
E = 3.58586e+06
p = 0.00071718
THEOREM 1:
	n^(-1) << p <= n^(-5/6 - e) 	e = 0.001	[1/6 > e > 0]
	1e-05 << p <= 6.73493e-05 (FALSE)
pt = 1
ps = 1
r = 2
a_c = 9.72107: initial seed set.
------------------------------------
Generate G1
	generate subgraph
	V_count = 100000
Generate G2
	generate subgraph
	V_count = 100000
same = 100000;  N * pt * pt = 100000
Noisy seeds are generated:
	before = 5; with generated = 10
Start percolation matching
M <- A_0 and Z <- A_0
while M \ Z != None do
[50411,73337] (67,40)
[95928,44940] (175,163)
[97329,95474] (32,107)
[60910,45378] (178,153)
[27991,73406] (74,136)
[26044,20756] (159,26)
[13516,64241] (100,38)
[74234,78271] (164,47)
[78995,53763] (56,178)
[17471,51602] (92,148)
[62230,93824] (12,58)
[88214,93938] (237,33)
[38818,30747] (78,147)
[48443,32712] (197,82)
[73966,685] (146,147)
[49512,82958] (75,164)
[68722,35768] (29,96)
[96442,83084] (23,231)
[54172,53694] (158,214)
[72433,61832] (154,12)
[50998,67220] (216,120)
[28928,23504] (72,62)
[5480,14151] (180,145)
[38170,66253] (108,162)
[79132,85776] (14,57)
[38244,46027] (55,151)
[37212,57718] (5,226)
[19254,73132] (173,151)
[49783,10380] (187,117)
[717,15775] (78,165)
[85886,20457] (199,94)
[73101,75805] (70,74)
[1730,90216] (186,114)
[53661,40804] (159,32)
[33885,5994] (132,27)
[96863,20975] (103,164)
[87642,63923] (67,158)
[94510,26617] (69,117)
[76844,35697] (120,112)
[20975,79894] (189,217)
[99627,70803] (136,32)
Correct: 3 Wrong: 1997
[54252,10154] (135,161)
[88981,26013] (9,22)
[17966,11300] (102,40)
[44033,49148] (103,153)
[53933,25636] (180,15)
[1829,96028] (66,63)
[77161,48960] (152,45)
[31508,27991] (36,214)
[85411,57720] (44,148)
[98338,52336] (1,242)
[6143,68061] (9,98)
[30071,69422] (4,231)
[33546,81738] (117,152)
[25046,13295] (172,105)
[93381,96066] (277,202)
[68596,24213] (21,72)
[79965,15769] (124,67)
[10259,31201] (56,45)
[2424,49586] (24,75)
Correct: 3 Wrong: 3997
[67888,25505] (81,26)
[29023,67676] (118,64)
[44540,9664] (67,45)
[51388,3861] (171,183)
[99091,62299] (170,30)
[5237,74017] (147,151)
[11744,96853] (78,7)
[75555,51706] (235,58)
[30219,5279] (67,54)
[63683,63886] (0,285)
[5323,5704] (93,256)
[87654,47] (154,208)
[53740,73309] (91,38)
[49209,15502] (117,174)
[96656,60987] (218,134)
Correct: 3 Wrong: 5997
[50320,55936] (61,26)
[86148,41723] (152,109)
[41120,7257] (62,107)
[91995,2396] (163,64)
[43130,39050] (174,129)
[82620,4353] (56,17)
[31569,3162] (96,147)
[9511,71056] (15,190)
[58440,26108] (28,22)
[73783,67789] (1,26)
[51654,32813] (58,114)
[41848,38056] (132,65)
[65968,79954] (29,221)
[8155,93914] (113,27)
Correct: 3 Wrong: 7997
[9225,57899] (184,183)
[56400,47306] (79,167)
[6801,18985] (193,93)
[69040,48291] (50,98)
[8144,1083] (117,53)
[70264,9419] (88,255)
[15775,44593] (219,104)
[50023,46212] (88,41)
[9122,46143] (170,204)
[96420,96357] (120,159)
[86282,76725] (143,28)
Correct: 3 Wrong: 9997
[57416,61400] (50,61)
[73110,97923] (60,91)
[28711,83974] (154,159)
[49895,67418] (42,137)
[99297,62315] (33,172)
[21112,56862] (131,62)
[26753,2415] (113,114)
[62173,36685] (154,123)
[42040,64582] (152,40)
[11110,76610] (228,114)
[25435,77358] (16,59)
Correct: 4 Wrong: 11996
[75451,78667] (63,127)
[91170,46938] (43,204)
[84580,6527] (39,30)
[26364,65079] (146,75)
[44864,60159] (6,54)
[33650,36497] (103,42)
[19268,76713] (45,172)
[94413,48478] (163,79)
[6021,73039] (4,179)
Correct: 4 Wrong: 13996
[63524,57671] (124,121)
[62815,29835] (150,50)
[12498,57388] (89,177)
[44587,46011] (8,164)
[86958,71260] (29,32)
[72788,65589] (91,2)
[77674,17090] (31,221)
[76257,53863] (101,126)
[31556,69139] (81,8)
[24713,97215] (99,13)
Correct: 4 Wrong: 15996
[7047,69685] (301,264)
[98868,84573] (10,33)
[51163,39230] (215,13)
[11195,61344] (15,142)
[66040,26302] (81,101)
[99910,39665] (8,24)
[62050,81793] (19,99)
[18969,91676] (80,132)
[11923,3169] (147,21)
Correct: 4 Wrong: 17996
[20049,14445] (17,146)
[16242,21387] (61,227)
[71920,70041] (148,52)
[91064,90856] (40,73)
[17445,56921] (94,115)
[33009,9829] (104,2)
[50163,58034] (75,221)
[34685,68437] (59,57)
Correct: 4 Wrong: 19996
[40640,39917] (41,273)
[62610,85387] (196,161)
[16163,84039] (47,48)
[26715,82277] (88,16)
[14186,97166] (229,84)
[14494,82952] (143,54)
[45132,37783] (153,90)
[66978,64182] (124,17)
Correct: 4 Wrong: 21996
[95110,35462] (2,39)
[47698,33006] (207,190)
[75479,30618] (48,189)
[52123,33800] (39,214)
[10339,49981] (224,19)
[35649,39694] (53,114)
[20041,4195] (0,194)
[97358,53531] (55,7)
Correct: 5 Wrong: 23995
[56390,74701] (21,107)
[94672,45672] (207,58)
[89551,49074] (50,80)
[2996,52784] (28,233)
[23344,89027] (198,28)
[64107,59518] (166,212)
[3893,980] (233,156)
[13871,40677] (97,78)
Correct: 5 Wrong: 25995
[32905,16893] (157,175)
[45976,78668] (18,7)
[32646,63147] (95,29)
[98852,80401] (58,28)
[7448,41288] (57,110)
[36334,98492] (80,45)
[56090,67261] (103,41)
Correct: 5 Wrong: 27995
[72280,55993] (2,149)
[92845,97309] (125,115)
[23348,97055] (247,68)
[99084,42811] (181,8)
[69862,54809] (237,10)
[60288,15439] (69,65)
[88674,24743] (20,125)
[84566,45958] (118,171)
Correct: 5 Wrong: 29995
[10029,73798] (202,125)
[42325,33356] (0,45)
[70068,49206] (72,39)
[92237,7264] (72,153)
[7465,47113] (88,216)
[94318,40192] (75,87)
[2011,61311] (35,61)
Correct: 5 Wrong: 31995
[19143,49792] (49,13)
[8149,19150] (0,0)
[98146,81613] (64,98)
[88898,88551] (138,217)
[67290,41834] (131,108)
[76825,84830] (185,74)
[19779,3464] (47,31)
Correct: 5 Wrong: 33995
[44976,21496] (150,178)
[62373,56282] (77,133)
[7332,9153] (134,152)
[70534,38760] (161,177)
[49154,71189] (199,21)
[64691,62018] (40,67)
[63589,69523] (8,161)
Correct: 5 Wrong: 35995
[87038,75490] (114,123)
[79254,88040] (47,23)
[75452,77115] (155,162)
[91706,88586] (231,27)
[81477,12978] (70,36)
[15939,57305] (163,48)
[23803,92973] (139,140)
Correct: 5 Wrong: 37995
[49878,92945] (97,119)
[35596,60947] (26,165)
[31413,92383] (5,1)
[33272,22620] (174,145)
[26524,75544] (252,57)
[8131,44223] (204,76)
Correct: 5 Wrong: 39995
[13327,61209] (90,293)
[7057,94958] (72,242)
[41639,48183] (174,108)
[81220,75622] (2,227)
[76562,12777] (145,28)
[19683,82318] (136,13)
[4300,12379] (257,114)
Correct: 5 Wrong: 41995
[34307,45512] (41,53)
[38819,23878] (66,299)
[27162,87136] (139,45)
[18857,58732] (9,257)
[90019,73215] (114,41)
[34763,87613] (150,185)
Correct: 5 Wrong: 43995
[72077,13003] (97,1)
[7807,80361] (253,108)
[56783,28138] (154,152)
[75780,13650] (182,11)
[92061,23626] (71,196)
[16657,43301] (245,35)
[8793,82262] (4,30)
Correct: 5 Wrong: 45995
[13492,62611] (215,121)
[71145,27980] (126,165)
[40909,22252] (67,169)
[90968,95197] (120,149)
[81978,72026] (46,52)
[40257,5928] (78,51)
Correct: 5 Wrong: 47995
[21304,79120] (50,8)
[1137,15465] (220,16)
[80977,77653] (46,9)
[21395,85775] (240,9)
[57479,57189] (48,14)
[77988,93380] (119,131)
Correct: 5 Wrong: 49995
[55473,69976] (157,84)
[99604,17816] (6,44)
[15746,87796] (0,65)
[46164,81222] (31,165)
[52468,11248] (126,91)
[10991,7481] (80,221)
Correct: 5 Wrong: 51995
[75473,8510] (40,55)
[85831,15942] (68,9)
[34308,91210] (68,40)
[25598,55230] (212,45)
[18981,51150] (119,152)
[10567,36720] (129,40)
Correct: 5 Wrong: 53995
[19857,41797] (215,18)
[23460,92389] (23,17)
[82095,16371] (6,91)
[90856,93316] (139,87)
[52765,14938] (36,78)
[27823,32895] (72,16)
Correct: 5 Wrong: 55995
[98703,47659] (6,56)
[75281,63575] (45,5)
[91515,79834] (160,38)
[51770,30505] (26,67)
[7178,63679] (85,64)
Correct: 6 Wrong: 57994
[29453,40684] (69,55)
[99885,84919] (2,53)
[85061,29007] (142,82)
[68185,89664] (68,13)
[27169,86292] (60,289)
[58930,95449] (45,21)
Correct: 7 Wrong: 59993
[79967,86891] (101,105)
[93640,80007] (200,73)
[2441,69662] (270,22)
[54498,65887] (118,156)
[78526,90134] (57,74)
Correct: 7 Wrong: 61993
[84010,61721] (6,58)
[40452,41611] (59,36)
[65278,2240] (3,196)
[94227,85964] (184,63)
[64979,27040] (98,33)
Correct: 7 Wrong: 63993
[9020,98839] (204,24)
[35564,21099] (108,3)
[74299,16931] (174,85)
expandOnce: 
----------RESULT----------
expandOnce results for N = 100000; s = 1; nb_seed = 5
	common nodes count G1 and G2 = 100000
	matched = 65068
	correct matches = 7	 wrong matches = 65061
	recall = 7e-05
	precision = 0.00010758
	F1-score = 8.48135e-05
