Start read graph: /home/ildar/projects/GraphMatching/data/rg_chung_lu_beta_991_n_100000.txt
n = 100000
Graph created
N = 100000
E = 3.58586e+06
p = 0.00071718
THEOREM 1:
	n^(-1) << p <= n^(-5/6 - e) 	e = 0.001	[1/6 > e > 0]
	1e-05 << p <= 6.73493e-05 (FALSE)
pt = 1
ps = 1
r = 2
a_c = 9.72107: initial seed set.
------------------------------------
Generate G1
	generate subgraph
	V_count = 100000
Generate G2
	generate subgraph
	V_count = 100000
same = 100000;  N * pt * pt = 100000
Noisy seeds are generated:
	before = 300; with generated = 400
Start percolation matching
M <- A_0 and Z <- A_0
while M \ Z != None do
[91083,30525] (14,256)
[9734,9734] (184,90)
[12766,12766] (94,143)
[60235,67684] (186,213)
[45486,1216] (86,46)
[87322,87322] (305,21)
[15969,15969] (229,120)
[96876,96876] (233,39)
Correct: 3665 Wrong: 2335
[73940,81536] (32,34)
[49055,60518] (180,229)
[53242,43343] (222,43)
[43986,43986] (39,193)
[13972,13972] (189,78)
[37096,37096] (10,56)
[64889,35107] (212,212)
[83093,68541] (279,94)
[68557,68557] (244,59)
[68541,95161] (155,291)
[63288,26102] (17,125)
Correct: 4544 Wrong: 3456
[23217,1864] (135,34)
[16716,16716] (2,148)
[15580,15580] (199,146)
[35125,35125] (191,147)
[73221,66857] (69,105)
[57454,57454] (177,215)
[10709,45157] (155,131)
[96801,96801] (168,272)
[45707,45707] (28,27)
Correct: 5539 Wrong: 4461
[2474,2474] (38,133)
[84879,41250] (43,150)
[79804,79804] (137,62)
[45976,91128] (17,20)
[36546,68457] (212,197)
[41159,41159] (89,77)
[20917,20917] (79,151)
Correct: 6613 Wrong: 5387
[76835,76835] (113,186)
[24593,24593] (12,98)
[61908,72107] (136,101)
[70316,91943] (163,151)
[8813,72157] (197,10)
[44739,44739] (257,156)
[86877,75156] (9,194)
[48876,48876] (97,1)
Correct: 7581 Wrong: 6419
[50259,66582] (81,17)
[78778,78778] (119,174)
[33090,33090] (25,196)
[54031,54031] (80,83)
[48514,48514] (66,12)
[2843,2843] (139,157)
Correct: 8628 Wrong: 7372
[64626,90700] (30,69)
[94189,58605] (187,117)
[28405,42080] (22,221)
[59257,21368] (43,16)
[55024,67233] (30,75)
[54045,54045] (28,116)
[95856,53023] (15,217)
Correct: 9625 Wrong: 8375
[3627,3627] (207,206)
[37228,37228] (75,14)
[16517,16517] (49,185)
[53958,53958] (213,265)
[70993,40076] (235,108)
Correct: 10765 Wrong: 9235
[30853,30853] (17,42)
[48972,48972] (161,245)
[5248,84734] (59,151)
[79559,79559] (118,109)
[67593,67593] (40,76)
[20775,63392] (81,93)
Correct: 11841 Wrong: 10159
[44153,44153] (180,214)
[223,223] (37,86)
[25557,25557] (60,59)
[35681,35681] (109,30)
[24771,24771] (74,85)
Correct: 13002 Wrong: 10998
[79575,48706] (73,5)
[22476,81743] (4,140)
[79056,79056] (79,14)
[86443,86443] (156,120)
[4273,82090] (130,34)
Correct: 14102 Wrong: 11898
[14773,92596] (95,191)
[64831,64831] (3,162)
[45633,45633] (167,247)
[61129,61129] (24,20)
Correct: 15247 Wrong: 12753
[73970,73466] (147,107)
[72501,72501] (61,18)
[27529,27529] (11,174)
[27612,27612] (45,241)
Correct: 16488 Wrong: 13512
[8238,89882] (2,80)
[3223,3223] (160,0)
[78777,78777] (80,244)
[88127,72263] (90,159)
Correct: 17770 Wrong: 14230
[86838,53084] (17,21)
[25807,25807] (70,16)
[64989,64989] (245,190)
Correct: 19068 Wrong: 14932
[40116,55067] (134,183)
[35627,35627] (45,79)
[6194,6194] (89,265)
Correct: 20406 Wrong: 15594
[10621,10621] (65,112)
[41784,41784] (130,282)
[91124,91124] (188,59)
Correct: 21821 Wrong: 16179
[44713,52010] (33,98)
[98693,98693] (154,184)
[38696,38696] (78,123)
Correct: 23304 Wrong: 16696
[34408,67743] (107,44)
[77273,77273] (246,158)
Correct: 24762 Wrong: 17238
[68522,32939] (225,99)
[67899,20001] (15,63)
Correct: 26304 Wrong: 17696
[29707,81254] (56,26)
[32541,32541] (181,2)
Correct: 27866 Wrong: 18134
[99073,13215] (170,93)
[69924,83915] (224,183)
Correct: 29496 Wrong: 18504
[28205,28205] (51,51)
[89169,89169] (126,5)
Correct: 31135 Wrong: 18865
[93238,93238] (113,94)
Correct: 32806 Wrong: 19194
[9463,9463] (55,53)
[59455,81253] (68,83)
Correct: 34488 Wrong: 19512
[73358,73358] (56,125)
Correct: 36220 Wrong: 19780
[53990,26016] (106,131)
Correct: 37938 Wrong: 20062
[32712,72246] (163,130)
[66852,66852] (75,186)
Correct: 39628 Wrong: 20372
Correct: 41403 Wrong: 20597
[97811,97811] (171,238)
Correct: 43175 Wrong: 20825
[24788,24788] (20,202)
Correct: 44960 Wrong: 21040
[46688,46688] (168,154)
Correct: 46751 Wrong: 21249
Correct: 48540 Wrong: 21460
[11761,11761] (159,200)
Correct: 50344 Wrong: 21656
[81467,65708] (43,197)
Correct: 52163 Wrong: 21837
Correct: 54004 Wrong: 21996
[66815,66815] (176,149)
Correct: 55856 Wrong: 22144
Correct: 57710 Wrong: 22290
Correct: 59558 Wrong: 22442
[35506,35506] (57,64)
Correct: 61431 Wrong: 22569
Correct: 63293 Wrong: 22707
Correct: 65159 Wrong: 22841
Correct: 67016 Wrong: 22984
[76234,86403] (222,293)
Correct: 68864 Wrong: 23136
Correct: 70714 Wrong: 23286
Correct: 72556 Wrong: 23444
expandOnce: 
----------RESULT----------
expandOnce results for N = 100000; s = 1; nb_seed = 300
	common nodes count G1 and G2 = 100000
	matched = 96238
	correct matches = 72775	 wrong matches = 23463
	recall = 0.72775
	precision = 0.756198
	F1-score = 0.741701
