Start read graph: /home/ildar/projects/GraphMatching/data/rg_chung_lu_beta_991_n_100000.txt
n = 100000
Graph created
N = 100000
E = 3.58586e+06
p = 0.00071718
THEOREM 1:
	n^(-1) << p <= n^(-5/6 - e) 	e = 0.001	[1/6 > e > 0]
	1e-05 << p <= 6.73493e-05 (FALSE)
pt = 1
ps = 1
r = 2
a_c = 9.72107: initial seed set.
------------------------------------
Generate G1
	generate subgraph
	V_count = 100000
Generate G2
	generate subgraph
	V_count = 100000
same = 100000;  N * pt * pt = 100000
Noisy seeds are generated:
	before = 50; with generated = 60
Start percolation matching
M <- A_0 and Z <- A_0
while M \ Z != None do
[44490,44490] (67,61)
[26250,26250] (177,5)
[58702,60695] (17,136)
[58612,58612] (112,239)
[77531,77531] (238,61)
[17834,96900] (136,125)
[71560,66837] (41,238)
[62508,15746] (105,178)
[92455,55764] (73,176)
[10779,48533] (183,263)
[31417,83828] (117,131)
[77662,40928] (143,162)
[97002,79125] (62,106)
[2193,2193] (247,85)
[75773,75773] (23,83)
[98532,2465] (205,151)
[98418,98418] (55,291)
[76407,10990] (66,171)
[7023,7023] (249,113)
[55373,55373] (64,177)
[22380,22380] (207,45)
[28480,56993] (67,134)
[21404,30550] (147,131)
[66039,66039] (208,119)
[51974,15511] (70,115)
[68796,57869] (264,98)
[86140,86140] (47,63)
[53951,47789] (2,291)
[79115,21181] (152,91)
[94062,63288] (119,79)
[6709,6709] (159,49)
Correct: 475 Wrong: 1525
[95500,21318] (39,250)
[53253,53253] (133,14)
[7981,7981] (13,193)
[9610,23344] (278,161)
[52790,50297] (31,199)
[21220,98544] (52,5)
[43721,43721] (210,224)
[90453,47669] (101,105)
[13972,1696] (112,22)
[90089,90483] (29,128)
[924,43446] (112,162)
[91179,52670] (185,77)
[36418,39781] (94,93)
[5608,24151] (172,134)
[64369,36589] (62,34)
[81703,72170] (60,188)
[90351,84724] (114,128)
[58327,43225] (221,225)
[25211,92665] (6,57)
[68835,63607] (238,11)
Correct: 628 Wrong: 3372
[55476,55476] (154,179)
[98600,56955] (81,99)
[36789,43082] (11,177)
[11778,11778] (273,152)
[73544,9142] (142,138)
[58801,90950] (73,147)
[89616,57628] (146,111)
[87110,87110] (76,111)
[94757,94757] (51,21)
[81784,47282] (4,20)
[58869,57521] (124,94)
[25430,61257] (145,150)
[25006,93292] (84,39)
[60102,50422] (120,125)
[76660,76660] (92,31)
Correct: 820 Wrong: 5180
[44069,44069] (41,17)
[23271,23271] (193,144)
[40286,8733] (63,236)
[17527,86675] (269,73)
[70044,19728] (105,216)
[99411,66159] (28,112)
[61595,28072] (24,21)
[23417,12792] (216,18)
[25836,25836] (129,277)
[66162,62595] (208,27)
[70298,72379] (72,124)
[597,9822] (67,21)
Correct: 998 Wrong: 7002
[97775,6314] (260,147)
[7766,88366] (46,15)
[49411,86196] (291,130)
[98233,26874] (6,14)
[60619,45964] (157,118)
[56054,23015] (74,181)
[40359,2321] (48,145)
[34046,17211] (224,96)
[6361,26621] (81,217)
[45989,83106] (44,147)
[95836,95836] (170,33)
[31863,72891] (62,129)
Correct: 1055 Wrong: 8945
[45286,27421] (38,93)
[12964,62029] (153,76)
[13361,58562] (79,167)
[29784,79333] (133,154)
[10342,68548] (56,211)
[1893,52765] (186,158)
[38897,83221] (100,62)
[3501,39194] (77,33)
[78417,49872] (75,21)
[87180,3049] (124,130)
[20664,93611] (57,26)
Correct: 1120 Wrong: 10880
[25146,46393] (282,187)
[71683,46372] (58,102)
[53227,68424] (123,63)
[41690,76476] (210,180)
[46980,38928] (65,142)
[43688,35712] (94,99)
[45891,49868] (74,7)
[68366,14003] (68,50)
[69903,9845] (131,61)
[64130,55238] (238,125)
Correct: 1195 Wrong: 12805
[7564,76946] (115,18)
[86183,9914] (14,126)
[14603,14603] (232,5)
[27226,11899] (25,126)
[16189,47692] (77,169)
[67365,39869] (45,47)
[35738,35738] (81,36)
[92990,92990] (0,40)
[415,27279] (124,164)
Correct: 1292 Wrong: 14708
[90913,36269] (108,217)
[43707,5781] (169,71)
[94706,33885] (41,203)
[50470,19064] (33,30)
[83242,14287] (88,216)
[63404,61122] (140,50)
[48072,11526] (114,224)
[61445,61445] (54,42)
[81336,30779] (266,108)
Correct: 1381 Wrong: 16619
[51289,262] (99,6)
[39762,39762] (248,284)
[50758,50611] (215,288)
[28759,46240] (22,78)
[45451,29541] (231,122)
[89958,22432] (236,166)
[82029,82029] (2,96)
[41359,24082] (14,51)
Correct: 1471 Wrong: 18529
[1103,6921] (111,192)
[86040,86040] (16,87)
[1135,1135] (163,34)
[66624,69735] (119,68)
[42396,28491] (60,80)
[23421,54995] (12,42)
[15,29179] (180,8)
[99867,56913] (48,127)
Correct: 1538 Wrong: 20462
[35983,35983] (165,72)
[32450,70377] (211,150)
[77068,31329] (167,164)
[32136,53890] (170,101)
[60743,49263] (96,142)
[64196,33239] (72,23)
[89466,89466] (20,126)
[15373,49831] (29,84)
Correct: 1625 Wrong: 22375
[99503,84532] (20,23)
[15614,34028] (220,37)
[65587,62905] (26,76)
[74664,50759] (78,65)
[5702,9811] (150,51)
[92176,92380] (20,29)
[48199,19801] (200,203)
Correct: 1672 Wrong: 24328
[39607,28614] (305,33)
[15131,78691] (190,113)
[41948,70640] (180,21)
[74838,15942] (229,54)
[20864,639] (41,3)
[2712,82615] (188,36)
[47550,5030] (104,27)
[78675,42228] (204,40)
Correct: 1749 Wrong: 26251
[6658,75543] (233,182)
[47149,74607] (174,190)
[2577,89087] (47,209)
[83170,83170] (206,95)
[66852,66852] (253,130)
[83371,85061] (158,168)
[85519,89920] (35,30)
Correct: 1808 Wrong: 28192
[88296,69097] (119,120)
[61326,27298] (14,139)
[94446,21547] (19,131)
[49787,62392] (73,303)
[37590,97132] (191,62)
[25383,59741] (43,34)
[63688,25896] (91,163)
Correct: 1860 Wrong: 30140
[61674,77444] (118,112)
[98296,44831] (110,106)
[14986,68599] (115,180)
[88972,82245] (86,91)
[19617,54052] (47,149)
[76713,49626] (91,72)
[16548,5142] (4,14)
Correct: 1911 Wrong: 32089
[69474,2683] (58,100)
[73787,70667] (211,66)
[50998,1715] (107,34)
[35718,6801] (139,135)
[57349,56207] (192,152)
[85431,91327] (113,69)
[10715,81871] (49,54)
Correct: 1977 Wrong: 34023
[75435,75435] (5,9)
[13484,10080] (60,18)
[9843,36287] (64,20)
[61647,31808] (8,12)
[99038,6080] (33,3)
[83011,83011] (74,10)
Correct: 2081 Wrong: 35919
[44850,66936] (270,186)
[51903,10389] (227,29)
[4165,33513] (264,124)
[61416,36519] (43,59)
[12672,47424] (49,216)
[68319,87962] (243,28)
[11176,16321] (10,12)
Correct: 2204 Wrong: 37796
[67155,6248] (29,30)
[96180,92834] (67,31)
[7903,81518] (61,155)
[170,95603] (125,35)
[55887,48897] (92,21)
[40509,9342] (74,190)
Correct: 2304 Wrong: 39696
[73217,0] (35,98)
[63917,6736] (42,114)
[51326,57299] (124,2)
[70957,41215] (204,90)
[60606,82921] (114,78)
[53268,63394] (194,95)
Correct: 2453 Wrong: 41547
[67176,92390] (42,59)
[12751,8173] (10,57)
[41428,47547] (120,10)
[26037,26037] (12,45)
[63883,79894] (60,27)
[8779,76412] (66,36)
Correct: 2588 Wrong: 43412
[72727,70509] (136,206)
[29192,5347] (15,64)
[45802,22115] (102,252)
[22662,94729] (89,30)
[25108,39727] (47,19)
[26590,24233] (292,115)
Correct: 2801 Wrong: 45199
[62640,94541] (185,36)
[20622,7932] (82,213)
[29983,92340] (133,59)
[48344,48344] (263,218)
[23321,10628] (24,38)
[16405,20635] (16,200)
Correct: 3003 Wrong: 46997
[59749,94584] (14,137)
[7902,19781] (248,155)
[93459,35369] (219,233)
[37083,89489] (218,146)
[60820,16867] (57,128)
[56659,54831] (105,7)
Correct: 3227 Wrong: 48773
[17652,54486] (63,17)
[74418,32583] (49,80)
[6911,45538] (163,290)
[5885,11665] (29,187)
[14251,72420] (5,64)
Correct: 3430 Wrong: 50570
[46912,60442] (26,92)
[17585,17585] (143,159)
[42643,10846] (23,0)
[5009,94943] (13,66)
[27177,2242] (54,278)
Correct: 3702 Wrong: 52298
[4530,54945] (38,196)
[64831,15981] (125,2)
[39284,60738] (200,80)
[75364,3172] (32,105)
[23533,75150] (218,68)
Correct: 4000 Wrong: 54000
[64813,8763] (12,188)
[77317,46609] (100,193)
[27058,33435] (40,69)
[73653,31585] (15,84)
[75090,59651] (52,30)
Correct: 4402 Wrong: 55598
[93429,63613] (39,68)
[63369,87193] (37,43)
[62118,73011] (48,29)
[27681,85248] (28,76)
Correct: 4860 Wrong: 57140
[41420,12121] (40,145)
[30328,61343] (218,297)
[56290,22465] (67,150)
[20874,72320] (59,4)
Correct: 5424 Wrong: 58576
[44796,44796] (103,91)
[88390,87328] (113,66)
[61070,74247] (108,147)
[37737,37737] (131,52)
Correct: 6115 Wrong: 59885
[69127,20026] (40,109)
[95120,32360] (114,86)
[95542,29282] (14,107)
expandOnce: 
----------RESULT----------
expandOnce results for N = 100000; s = 1; nb_seed = 50
	common nodes count G1 and G2 = 100000
	matched = 67870
	correct matches = 6838	 wrong matches = 61032
	recall = 0.06838
	precision = 0.100751
	F1-score = 0.0814678
