Start read graph: /home/ildar/projects/GraphMatching/data/rg_chung_lu_beta_991_n_100000.txt
n = 100000
Graph created
N = 100000
E = 3.58586e+06
p = 0.00071718
THEOREM 1:
	n^(-1) << p <= n^(-5/6 - e) 	e = 0.001	[1/6 > e > 0]
	1e-05 << p <= 6.73493e-05 (FALSE)
pt = 1
ps = 1
r = 2
a_c = 9.72107: initial seed set.
------------------------------------
Generate G1
	generate subgraph
	V_count = 100000
Generate G2
	generate subgraph
	V_count = 100000
same = 100000;  N * pt * pt = 100000
Noisy seeds are generated:
	before = 120; with generated = 160
Start percolation matching
M <- A_0 and Z <- A_0
while M \ Z != None do
[48714,48714] (52,161)
[31211,14046] (219,48)
[36355,36355] (289,2)
[61344,61344] (122,247)
[79125,644] (212,144)
[72957,72957] (126,84)
[73081,9292] (178,133)
Correct: 990 Wrong: 1010
[78201,78201] (173,64)
[64831,70386] (18,131)
[31689,40919] (190,165)
[3060,78482] (170,17)
[67842,67842] (195,78)
[37665,37665] (163,237)
[17749,48281] (86,83)
[8239,60515] (6,149)
[20380,7192] (32,36)
[74139,74139] (259,95)
[59999,69729] (49,242)
[87019,87019] (189,189)
[18536,44571] (233,150)
[35470,35470] (149,69)
[34852,12319] (11,196)
[85857,7482] (216,47)
[85192,85192] (1,166)
[59064,59064] (144,87)
Correct: 1684 Wrong: 2316
[24333,77447] (248,46)
[71393,71393] (131,196)
[64424,64424] (135,15)
[29342,60599] (121,214)
[70141,82748] (100,67)
[82678,82678] (64,105)
[35125,35125] (78,173)
[34087,34087] (112,47)
[68402,68402] (48,84)
[54458,18367] (76,203)
[13713,16784] (180,252)
[84904,10745] (166,99)
[36104,38723] (105,123)
[32260,32260] (201,245)
[56174,23177] (135,167)
Correct: 2279 Wrong: 3721
[95704,95704] (276,231)
[97785,97785] (35,215)
[56545,32943] (159,57)
[99308,99308] (61,159)
[67966,60595] (104,191)
[78416,41625] (12,29)
[17169,17169] (108,74)
[55750,55750] (193,48)
[7123,6490] (72,30)
[31477,57326] (139,204)
[36048,36048] (18,62)
[59050,59050] (71,265)
Correct: 2878 Wrong: 5122
[77790,95368] (185,86)
[88007,88007] (165,135)
[15074,15074] (223,105)
[98416,98416] (7,184)
[68766,63424] (15,35)
[4941,66787] (3,60)
[16368,16368] (83,94)
[20412,31363] (94,78)
[87668,59042] (83,27)
Correct: 3534 Wrong: 6466
[39343,75000] (122,194)
[53890,94629] (279,145)
[81042,34356] (50,158)
[75083,75083] (16,63)
[12940,12940] (88,13)
[4739,4739] (248,34)
[5344,93869] (96,50)
[66503,41266] (152,124)
[61893,61893] (35,8)
Correct: 4181 Wrong: 7819
[95034,95034] (76,47)
[99613,31183] (237,12)
[16668,96532] (81,175)
[38819,38819] (79,182)
[68870,67695] (194,86)
[50816,35410] (212,29)
[16062,90013] (137,19)
[21915,57225] (123,130)
[51262,57886] (286,84)
Correct: 4673 Wrong: 9327
[83760,83760] (283,207)
[81008,47301] (50,74)
[2173,35453] (78,73)
[53732,26960] (61,11)
[98384,98384] (128,175)
[51923,61452] (120,28)
[76271,68474] (92,200)
[11485,11485] (93,36)
[46954,97184] (171,162)
Correct: 5101 Wrong: 10899
[24204,79966] (63,212)
[88553,21671] (166,121)
[1926,1131] (131,30)
[67122,67122] (61,186)
[33683,65657] (148,196)
[30652,90148] (24,62)
[71318,71318] (220,20)
[66735,86109] (58,79)
[20027,20027] (199,26)
Correct: 5500 Wrong: 12500
[51759,51759] (281,281)
[5072,94402] (26,232)
[21988,7572] (235,121)
[27664,27664] (22,15)
[29782,2240] (123,260)
[22524,3676] (260,156)
[63923,63923] (265,69)
Correct: 6051 Wrong: 13949
[67460,67460] (184,27)
[24387,89863] (33,108)
[67734,98968] (41,83)
[7126,48905] (2,103)
[5994,38191] (35,13)
[19857,96318] (189,280)
[63913,9722] (124,38)
Correct: 6541 Wrong: 15459
[88119,95] (184,41)
[76189,88062] (83,15)
[83983,1729] (53,182)
[56947,56947] (48,41)
[88945,54216] (89,163)
[86302,86302] (100,245)
Correct: 7064 Wrong: 16936
[64384,70821] (109,261)
[98785,7423] (40,17)
[49927,49927] (95,125)
[32643,11322] (143,54)
[87880,80619] (62,121)
[23838,65983] (20,162)
[84123,84123] (34,116)
Correct: 7602 Wrong: 18398
[20965,57245] (145,130)
[73492,18585] (4,75)
[15045,56135] (13,101)
[65951,40833] (8,213)
[27824,26476] (11,58)
[71344,16192] (82,129)
Correct: 8129 Wrong: 19871
[97027,97027] (96,76)
[2260,32207] (34,200)
[21483,60066] (172,175)
[21706,21706] (198,269)
[37366,37366] (27,53)
[90440,84334] (37,104)
Correct: 8803 Wrong: 21197
[16197,27329] (109,94)
[97990,54448] (59,8)
[44609,48158] (16,239)
[49822,41118] (75,35)
[13564,22601] (271,41)
[92066,92066] (22,80)
Correct: 9441 Wrong: 22559
[67049,85157] (47,175)
[76109,26308] (194,42)
[19690,70863] (132,77)
[22481,22481] (122,44)
[14672,14672] (274,197)
Correct: 10109 Wrong: 23891
[16561,21183] (60,53)
[54375,41955] (14,98)
[72246,21811] (119,49)
[76825,30441] (50,92)
[7239,3756] (110,5)
Correct: 10811 Wrong: 25189
[48302,1253] (8,50)
[30272,30272] (8,198)
[66877,30962] (87,178)
[43842,50186] (104,1)
[59605,43609] (92,47)
Correct: 11602 Wrong: 26398
[33400,78814] (227,199)
[60418,60418] (149,114)
[91300,91300] (167,180)
[33650,91473] (80,259)
Correct: 12446 Wrong: 27554
[91547,87251] (175,137)
[49037,96321] (10,247)
[10826,91740] (163,100)
[94056,48657] (136,15)
Correct: 13316 Wrong: 28684
[39834,79950] (63,50)
[66787,4941] (104,107)
[87702,43566] (27,94)
[89290,89290] (159,70)
Correct: 14377 Wrong: 29623
[60837,45201] (114,148)
[79894,39580] (284,93)
[68480,96239] (39,33)
Correct: 15427 Wrong: 30573
[8342,66802] (56,21)
[60589,55373] (75,54)
[39035,39035] (83,214)
[83788,10379] (37,151)
Correct: 16471 Wrong: 31529
[71372,39834] (67,103)
[79120,1182] (67,28)
[48796,45636] (126,74)
Correct: 17619 Wrong: 32381
[51121,48778] (166,5)
[2512,2512] (112,53)
[84644,63063] (49,93)
Correct: 18787 Wrong: 33213
[56641,97837] (80,53)
[60354,60354] (8,125)
[86148,86666] (136,45)
Correct: 20030 Wrong: 33970
[80775,91983] (136,12)
[90296,60583] (41,13)
Correct: 21325 Wrong: 34675
[34413,66110] (20,10)
[45202,9136] (218,7)
Correct: 22748 Wrong: 35252
[45204,76240] (36,93)
[16094,16094] (21,107)
Correct: 24218 Wrong: 35782
[27494,68757] (135,102)
[68315,86902] (28,222)
Correct: 25689 Wrong: 36311
[83978,18149] (15,141)
[83237,21071] (23,3)
Correct: 27260 Wrong: 36740
[10065,74427] (40,42)
Correct: 28778 Wrong: 37222
[23409,23409] (105,29)
Correct: 30379 Wrong: 37621
[6478,6478] (37,84)
Correct: 31995 Wrong: 38005
[69738,44572] (90,16)
[73455,30135] (53,88)
Correct: 33634 Wrong: 38366
[58266,73774] (42,150)
Correct: 35239 Wrong: 38761
Correct: 36944 Wrong: 39056
[73054,73054] (102,73)
Correct: 38653 Wrong: 39347
[30512,30512] (25,21)
Correct: 40388 Wrong: 39612
[201,201] (30,51)
Correct: 42105 Wrong: 39895
Correct: 43857 Wrong: 40143
[3967,27205] (148,53)
Correct: 45602 Wrong: 40398
expandOnce: 
----------RESULT----------
expandOnce results for N = 100000; s = 1; nb_seed = 120
	common nodes count G1 and G2 = 100000
	matched = 87524
	correct matches = 46956	 wrong matches = 40568
	recall = 0.46956
	precision = 0.536493
	F1-score = 0.5008
