Start read graph: /home/ildar/projects/GraphMatching/data/rg_chung_lu_beta_991_n_100000.txt
n = 100000
Graph created
N = 100000
E = 3.58586e+06
p = 0.00071718
THEOREM 1:
	n^(-1) << p <= n^(-5/6 - e) 	e = 0.001	[1/6 > e > 0]
	1e-05 << p <= 6.73493e-05 (FALSE)
pt = 1
ps = 1
r = 2
a_c = 9.72107: initial seed set.
------------------------------------
Generate G1
	generate subgraph
	V_count = 100000
Generate G2
	generate subgraph
	V_count = 100000
same = 100000;  N * pt * pt = 100000
Noisy seeds are generated:
	before = 20; with generated = 1000
Start percolation matching
M <- A_0 and Z <- A_0
while M \ Z != None do
[8353,62679] (46,16)
[11598,36946] (195,203)
[87821,14372] (55,78)
Correct: 66 Wrong: 17934
[35946,89235] (9,158)
[83318,61464] (99,120)
[45771,11336] (6,48)
[92250,20902] (210,97)
[55956,19761] (108,91)
[48496,47302] (63,46)
[73573,13774] (185,66)
[64250,5169] (31,25)
[66058,82702] (114,122)
Correct: 67 Wrong: 19933
[17563,98470] (157,70)
[59575,69111] (25,191)
[41785,44183] (83,12)
[90627,96988] (150,56)
[8184,62261] (76,192)
[95409,78333] (154,99)
[54542,94297] (72,244)
[58490,18181] (139,146)
Correct: 67 Wrong: 21933
[98402,29735] (47,159)
[83632,66906] (93,210)
[62914,21512] (136,155)
[30962,69685] (132,19)
[98775,79273] (57,130)
[17339,29775] (57,52)
[96570,91542] (57,82)
[7932,75017] (24,75)
Correct: 68 Wrong: 23932
[33238,19950] (16,167)
[57763,64589] (104,209)
[28377,67494] (194,16)
[12043,90806] (259,5)
[19982,32505] (125,146)
[93932,73466] (142,218)
[77690,17981] (21,91)
[21998,40189] (99,4)
Correct: 68 Wrong: 25932
[67419,37046] (100,137)
[75955,6661] (120,40)
[45286,34332] (148,14)
[55481,22326] (105,56)
[97835,3026] (35,21)
[68063,92260] (76,47)
[64674,84543] (255,261)
Correct: 68 Wrong: 27932
[59123,20290] (128,64)
[13632,93994] (187,79)
[71969,17779] (24,142)
[71984,79095] (97,61)
[8793,75195] (190,140)
[70622,94783] (164,186)
[70582,47703] (226,143)
[5804,40400] (174,11)
Correct: 71 Wrong: 29929
[71039,42110] (19,43)
[10174,91703] (286,81)
[84485,73415] (27,135)
[9712,69462] (225,8)
[15906,43091] (151,102)
[21308,93370] (84,92)
[47328,42702] (91,113)
Correct: 71 Wrong: 31929
[75180,70661] (87,9)
[60553,81337] (39,111)
[15974,86479] (114,159)
[37970,35410] (187,36)
[66975,88366] (50,271)
[42333,75114] (76,140)
[90706,51405] (115,166)
Correct: 71 Wrong: 33929
[32885,56754] (47,150)
[40689,62086] (20,151)
[72160,93415] (188,86)
[3122,17796] (116,167)
[57273,73374] (110,73)
[83195,84506] (129,20)
[3529,24692] (50,207)
Correct: 71 Wrong: 35929
[95591,75600] (63,65)
[22066,39617] (3,65)
[44803,39299] (185,71)
[58613,87345] (250,293)
[73860,24543] (9,8)
[9581,91676] (28,30)
[2295,57193] (72,54)
Correct: 71 Wrong: 37929
[72896,13338] (22,23)
[81761,12717] (51,195)
[37459,99781] (147,13)
[98202,52524] (62,31)
[62185,98201] (213,47)
[64489,33161] (175,106)
[77297,36589] (67,30)
Correct: 71 Wrong: 39929
[17739,41782] (104,17)
[3243,21179] (246,28)
[2023,57650] (86,80)
[73443,28883] (240,183)
[30542,4156] (134,81)
[25120,54253] (52,53)
[60884,7686] (105,21)
Correct: 71 Wrong: 41929
[30398,24941] (8,161)
[16182,43677] (1,44)
[53185,42923] (46,14)
[28641,86651] (25,17)
[25186,17286] (146,45)
[75780,81668] (230,228)
Correct: 71 Wrong: 43929
[18715,50058] (73,107)
[55411,15317] (27,8)
[94612,21676] (8,41)
[3886,57434] (40,155)
[17905,36898] (11,237)
[75521,39629] (22,76)
[86145,95151] (129,51)
Correct: 71 Wrong: 45929
[69810,59826] (12,49)
[29381,56272] (13,143)
[16800,82359] (11,42)
[33329,25901] (109,4)
[70179,31412] (5,84)
[18034,69628] (99,137)
Correct: 72 Wrong: 47928
[99522,24420] (96,16)
[88123,55224] (146,92)
[65387,3393] (131,25)
[86196,51873] (191,43)
[9737,45849] (190,1)
[14211,53577] (218,224)
Correct: 72 Wrong: 49928
[9038,49358] (43,260)
[50422,79271] (198,134)
[54481,65031] (51,2)
[66144,64229] (74,40)
[29914,29695] (120,79)
[64002,65249] (152,295)
Correct: 72 Wrong: 51928
[76407,84022] (169,24)
[94041,74614] (79,25)
[67162,35369] (84,131)
[5357,814] (50,229)
[42680,94645] (48,142)
[76077,3500] (28,152)
Correct: 72 Wrong: 53928
[38518,68031] (86,76)
[13560,80646] (113,83)
[84224,3010] (35,9)
[4021,68924] (74,77)
[94696,71075] (118,135)
[25451,62647] (77,109)
Correct: 72 Wrong: 55928
[59481,71610] (33,34)
[91909,9442] (242,83)
[85233,5326] (33,55)
[58639,27097] (169,132)
[31112,81022] (18,97)
Correct: 72 Wrong: 57928
[23294,61355] (243,43)
[55081,13758] (55,123)
[45730,2756] (32,203)
[98614,56903] (129,55)
[99934,67098] (69,91)
[26791,81008] (151,37)
Correct: 74 Wrong: 59926
[24536,73472] (55,5)
[51092,80976] (132,187)
[83921,87163] (221,232)
[69878,52777] (93,110)
[76558,96069] (102,13)
Correct: 79 Wrong: 61921
[18041,7871] (110,30)
[34575,71374] (184,6)
[12898,56585] (151,62)
[65900,61010] (85,17)
[99521,96343] (116,36)
[78194,16697] (38,13)
Correct: 79 Wrong: 63921
[59012,48194] (177,14)
[88278,73912] (125,86)
[14000,5548] (90,14)
expandOnce: 
----------RESULT----------
expandOnce results for N = 100000; s = 1; nb_seed = 20
	common nodes count G1 and G2 = 100000
	matched = 65145
	correct matches = 83	 wrong matches = 65062
	recall = 0.00083
	precision = 0.00127408
	F1-score = 0.00100518
