Start read graph: /home/ildar/projects/GraphMatching/data/rg_chung_lu_beta_991_n_100000.txt
n = 100000
Graph created
N = 100000
E = 3.58586e+06
p = 0.00071718
THEOREM 1:
	n^(-1) << p <= n^(-5/6 - e) 	e = 0.001	[1/6 > e > 0]
	1e-05 << p <= 6.73493e-05 (FALSE)
pt = 1
ps = 1
r = 2
a_c = 9.72107: initial seed set.
------------------------------------
Generate G1
	generate subgraph
	V_count = 100000
Generate G2
	generate subgraph
	V_count = 100000
same = 100000;  N * pt * pt = 100000
Noisy seeds are generated:
	before = 100; with generated = 1000
Start percolation matching
M <- A_0 and Z <- A_0
while M \ Z != None do
Correct: 644 Wrong: 17356
[24204,89646] (242,63)
[9215,46152] (204,30)
[61096,97811] (10,124)
[27629,6869] (223,238)
[25031,14960] (61,44)
[17483,7765] (116,34)
[66802,102] (122,76)
[98031,81725] (14,84)
Correct: 670 Wrong: 19330
[73287,89017] (11,60)
[39555,61267] (78,97)
[76048,89724] (174,134)
[21685,22976] (64,107)
[63229,33235] (57,22)
[75863,1749] (12,63)
[27294,51982] (25,47)
[57349,64642] (34,49)
Correct: 699 Wrong: 21301
[44375,99609] (117,91)
[39519,48051] (64,130)
[40332,1863] (75,74)
[33996,27644] (20,107)
[45385,45529] (173,67)
[32081,32081] (0,36)
[35630,50550] (17,120)
[66111,10952] (26,214)
Correct: 732 Wrong: 23268
[56282,17005] (122,11)
[46545,38853] (76,11)
[70762,76471] (172,4)
[45958,61704] (137,90)
[90625,2945] (112,105)
[95692,47245] (65,8)
[56435,29222] (120,62)
[56482,10937] (11,197)
Correct: 751 Wrong: 25249
[71379,93811] (81,116)
[47129,93562] (49,163)
[57334,43040] (150,119)
[42275,4037] (3,24)
[5768,85295] (231,106)
[8874,15519] (19,158)
[9262,56407] (101,33)
Correct: 775 Wrong: 27225
[70289,38273] (85,52)
[22481,97890] (130,4)
[71895,71895] (79,295)
[47306,31271] (148,36)
[74210,58486] (13,146)
[32619,41657] (55,10)
[35649,80157] (35,197)
[68372,766] (212,242)
Correct: 786 Wrong: 29214
[18606,87932] (224,120)
[85986,86698] (17,202)
[49600,83536] (80,9)
[39926,26737] (2,21)
[80364,4531] (80,60)
[21693,1289] (128,90)
[61239,84617] (15,4)
Correct: 802 Wrong: 31198
[105,51330] (58,243)
[12577,93699] (262,98)
[23294,63164] (249,88)
[56730,2880] (82,170)
[29851,29851] (201,162)
[87823,52662] (239,213)
[50174,2911] (251,81)
Correct: 818 Wrong: 33182
[66241,25186] (16,81)
[36442,91173] (105,59)
[74228,58325] (234,7)
[5838,46849] (66,176)
[73633,35257] (32,48)
[70260,89812] (145,212)
[76847,19126] (47,165)
Correct: 838 Wrong: 35162
[52066,74191] (24,4)
[87642,82719] (5,24)
[76988,25106] (10,104)
[49894,30808] (24,181)
[27327,51456] (25,125)
[24593,40710] (226,151)
[267,72468] (182,36)
Correct: 856 Wrong: 37144
[74787,78582] (256,159)
[95819,96576] (33,46)
[47321,76653] (82,21)
[27354,53697] (58,3)
[36267,36604] (20,127)
[46017,72462] (104,238)
Correct: 895 Wrong: 39105
[33177,33177] (23,215)
[63752,35394] (15,45)
[42903,92256] (128,17)
[55408,2288] (112,8)
[43611,60276] (272,141)
[71676,82453] (13,36)
[32553,13502] (32,8)
Correct: 949 Wrong: 41051
[50492,89007] (224,263)
[63599,58344] (54,153)
[4353,27916] (135,63)
[29950,34625] (24,29)
[82807,1652] (3,28)
[46385,16864] (147,183)
Correct: 973 Wrong: 43027
[38097,70965] (179,239)
[5914,28701] (1,198)
[25829,40658] (167,96)
[39591,33237] (48,71)
[82522,82522] (122,134)
[42915,42915] (11,162)
Correct: 1003 Wrong: 44997
[67577,48279] (31,52)
[39353,1233] (32,39)
[68931,69650] (59,163)
[98942,32656] (99,124)
[15973,52959] (26,63)
[81387,61860] (107,47)
[26179,61678] (52,20)
Correct: 1044 Wrong: 46956
[12682,73081] (102,73)
[4758,24166] (214,145)
[60301,25510] (18,226)
[61535,70816] (48,2)
[83574,12614] (85,59)
[72492,35616] (23,82)
Correct: 1087 Wrong: 48913
[72337,56201] (55,149)
[31918,61343] (28,262)
[22092,14495] (76,8)
[7275,7275] (130,68)
[47560,63739] (101,32)
[762,50647] (187,142)
Correct: 1136 Wrong: 50864
[34533,30543] (26,24)
[44245,49736] (50,188)
[8867,71271] (91,117)
[21501,61743] (16,141)
[38163,43700] (187,32)
Correct: 1212 Wrong: 52788
[73030,37491] (14,32)
[92198,89134] (66,144)
[96656,72206] (55,167)
[59924,12992] (43,33)
[21807,84548] (20,131)
[16401,39064] (28,75)
Correct: 1327 Wrong: 54673
[86409,63913] (8,4)
[20363,97655] (53,160)
[85429,58058] (117,25)
[10682,59595] (53,51)
[65508,94637] (39,12)
Correct: 1434 Wrong: 56566
[43146,5508] (113,26)
[74826,98365] (175,50)
[55546,10410] (61,22)
[94824,49586] (14,128)
[43521,10095] (7,34)
[16017,10848] (56,122)
Correct: 1541 Wrong: 58459
[42753,43491] (23,166)
[1727,68921] (168,64)
[89518,57225] (114,227)
[85100,12001] (39,33)
[42742,88353] (229,107)
Correct: 1666 Wrong: 60334
[913,189] (227,60)
[97764,25533] (171,69)
[89630,84375] (5,110)
[6887,75883] (105,99)
Correct: 1882 Wrong: 62118
[38634,18417] (23,117)
[33185,97554] (141,101)
[29327,50331] (62,28)
[41601,84830] (24,244)
[15111,44441] (166,203)
Correct: 2106 Wrong: 63894
expandOnce: 
----------RESULT----------
expandOnce results for N = 100000; s = 1; nb_seed = 100
	common nodes count G1 and G2 = 100000
	matched = 66035
	correct matches = 2107	 wrong matches = 63928
	recall = 0.02107
	precision = 0.0319073
	F1-score = 0.0253802
