Start read graph: /home/ildar/projects/GraphMatching/data/rg_chung_lu_beta_991_n_100000.txt
n = 100000
Graph created
N = 100000
E = 3.58586e+06
p = 0.00071718
THEOREM 1:
	n^(-1) << p <= n^(-5/6 - e) 	e = 0.001	[1/6 > e > 0]
	1e-05 << p <= 6.73493e-05 (FALSE)
pt = 1
ps = 1
r = 2
a_c = 9.72107: initial seed set.
------------------------------------
Generate G1
	generate subgraph
	V_count = 100000
Generate G2
	generate subgraph
	V_count = 100000
same = 100000;  N * pt * pt = 100000
Noisy seeds are generated:
	before = 15; with generated = 200
Start percolation matching
M <- A_0 and Z <- A_0
while M \ Z != None do
[46497,19073] (123,200)
[23634,24467] (106,28)
[47859,76471] (228,178)
[35599,37856] (9,12)
[21506,53808] (161,73)
[52688,44442] (40,13)
[20420,52463] (62,36)
[63953,59259] (129,113)
[97322,12734] (11,14)
[9463,63218] (68,87)
[64831,29876] (46,169)
[80118,82070] (43,25)
[76414,92439] (220,96)
[63679,91704] (62,17)
[99350,13036] (68,148)
Correct: 15 Wrong: 3985
[86572,89908] (32,95)
[33330,40874] (37,43)
[82139,47626] (176,208)
[9995,64489] (141,19)
[3161,69376] (63,25)
[30031,12788] (177,14)
[40935,40312] (185,220)
[12535,73358] (22,130)
[48019,40639] (43,111)
[68502,69650] (229,103)
[92552,33796] (285,234)
[85736,91064] (178,133)
[58130,43279] (202,1)
[45612,81508] (83,76)
[97352,3433] (205,199)
Correct: 15 Wrong: 5985
[39321,49174] (187,55)
[72857,94870] (194,28)
[35081,46398] (113,59)
[99762,87685] (39,95)
[97648,49850] (154,268)
[7362,72915] (5,59)
[78504,8830] (184,211)
[72366,32082] (34,123)
[28841,70742] (15,68)
[54073,59369] (57,66)
[92377,60839] (38,170)
[19913,33421] (229,96)
[72311,96559] (153,34)
Correct: 15 Wrong: 7985
[9250,96489] (264,222)
[86435,98991] (218,56)
[54744,14356] (114,114)
[87465,65211] (184,210)
[30926,68372] (130,34)
[45201,57903] (65,113)
[12597,41266] (189,10)
[99947,79499] (123,154)
[43505,39142] (101,210)
[43322,7602] (140,158)
[81273,39396] (42,73)
[56705,24174] (146,90)
Correct: 16 Wrong: 9984
[42387,20789] (50,151)
[94297,29048] (224,121)
[10939,48600] (121,168)
[19860,14629] (71,58)
[85012,48714] (126,215)
[57536,90145] (152,178)
[69429,64031] (76,54)
[44307,24692] (19,166)
[62059,9607] (143,267)
[49741,34144] (12,32)
[94020,20058] (89,233)
Correct: 16 Wrong: 11984
[64242,34191] (300,138)
[23977,56201] (39,5)
[75196,75432] (220,74)
[45129,54219] (206,56)
[67655,43058] (185,23)
[35261,63804] (54,137)
[99998,29567] (63,106)
[41677,56740] (115,95)
[85953,96186] (110,163)
[79351,58563] (32,202)
Correct: 16 Wrong: 13984
[1073,45865] (84,115)
[91006,55200] (110,213)
[39279,95120] (50,226)
[30463,5049] (69,29)
[28308,92738] (109,150)
[64406,31988] (93,26)
[96830,61721] (49,55)
[51915,48844] (94,27)
[27849,98401] (18,274)
Correct: 17 Wrong: 15983
[64182,57816] (138,127)
[88964,86786] (35,257)
[51739,54262] (271,50)
[80191,97851] (78,21)
[94614,89013] (73,43)
[65837,78471] (16,122)
[50259,35828] (22,200)
[81275,91514] (131,74)
[32393,98482] (19,280)
Correct: 18 Wrong: 17982
[8197,68462] (123,100)
[58711,13383] (94,130)
[60848,3064] (176,164)
[40163,11736] (59,147)
[13960,28555] (59,44)
[18784,29677] (289,2)
[76168,74200] (9,21)
[23474,22198] (118,2)
Correct: 18 Wrong: 19982
[25420,63652] (147,38)
[60274,61097] (197,35)
[4762,88811] (161,159)
[98417,63578] (57,181)
[29959,63679] (92,203)
[11720,94537] (94,68)
[57368,66582] (288,285)
[75581,47519] (5,20)
[80775,22617] (61,114)
Correct: 19 Wrong: 21981
[4770,48380] (157,13)
[44804,49954] (260,26)
[72967,49154] (84,158)
[67044,98094] (236,73)
[18733,16090] (48,83)
[60330,5036] (272,18)
[11960,38835] (71,14)
[3627,4495] (282,114)
Correct: 20 Wrong: 23980
[5297,1417] (121,8)
[53801,77928] (17,125)
[71538,29030] (136,87)
[98991,21548] (136,110)
[34046,42636] (214,37)
[50320,45057] (67,182)
[8562,60987] (66,26)
Correct: 20 Wrong: 25980
[13077,57671] (0,40)
[86138,34355] (183,53)
[68421,20074] (17,31)
[90154,32617] (55,38)
[12204,46588] (106,93)
[45344,20772] (19,65)
[43266,42044] (4,44)
[28458,81211] (113,140)
Correct: 20 Wrong: 27980
[17504,95470] (6,85)
[72046,91128] (110,150)
[42805,7902] (143,151)
[92414,43241] (111,61)
[4195,25947] (108,53)
[24923,40189] (32,205)
[99537,62566] (80,91)
Correct: 20 Wrong: 29980
[88219,74628] (271,33)
[57428,78579] (24,29)
[20055,34599] (60,106)
[98390,55540] (132,34)
[94654,38676] (7,77)
[33885,60587] (37,36)
[99784,26889] (54,74)
[23982,14827] (25,12)
Correct: 21 Wrong: 31979
[57903,58631] (99,14)
[76330,53253] (91,1)
[56826,62717] (136,134)
[31428,98969] (92,136)
[80796,25813] (70,59)
[38589,38380] (51,126)
[33950,46213] (142,208)
Correct: 22 Wrong: 33978
[71466,10402] (114,175)
[25622,27802] (131,17)
[91801,80678] (56,64)
[80555,21930] (188,82)
[5142,51140] (8,20)
[71249,72321] (25,2)
[47027,60071] (159,50)
Correct: 22 Wrong: 35978
[11384,53454] (208,69)
[87827,37138] (99,54)
[98382,63611] (103,213)
[42863,40133] (96,104)
[68722,13277] (11,53)
[68302,5341] (83,68)
[81531,36533] (62,235)
Correct: 22 Wrong: 37978
[32447,91844] (34,61)
[32199,43591] (3,95)
[48344,7427] (162,59)
[29043,76491] (213,114)
[22803,90806] (79,201)
[38751,78130] (90,185)
Correct: 22 Wrong: 39978
[50168,26076] (116,92)
[95034,1978] (243,49)
[77908,58252] (146,37)
[15996,3501] (169,165)
[49508,31329] (2,88)
[35417,36112] (114,104)
[55886,91022] (203,59)
Correct: 22 Wrong: 41978
[36334,84314] (240,37)
[46478,5614] (55,125)
[19849,14289] (224,34)
[26342,15711] (37,34)
[91953,61660] (90,182)
[72210,3730] (159,77)
Correct: 22 Wrong: 43978
[94574,48956] (114,148)
[99640,66756] (86,4)
[34470,93432] (109,109)
[28543,92868] (11,91)
[90425,18021] (96,166)
[91723,68641] (17,110)
Correct: 22 Wrong: 45978
[93172,30813] (13,88)
[79842,21728] (19,53)
[92094,68897] (157,205)
[23739,72967] (151,3)
[18486,69632] (66,47)
[44809,65411] (98,95)
[92036,639] (48,205)
Correct: 22 Wrong: 47978
[93502,34440] (41,208)
[91797,17589] (165,11)
[56913,77475] (65,31)
[69104,17651] (152,28)
[5624,18948] (23,30)
[90868,46922] (6,72)
Correct: 22 Wrong: 49978
[96194,3578] (53,134)
[87685,61059] (131,168)
[46073,73603] (73,58)
[56409,86543] (13,112)
[63823,87826] (116,142)
[79894,90885] (250,1)
Correct: 22 Wrong: 51978
[77950,7825] (6,47)
[54940,34697] (93,86)
[20623,15625] (271,86)
[28052,61232] (262,33)
[83006,24096] (85,284)
[95563,68293] (54,63)
Correct: 23 Wrong: 53977
[60013,28854] (62,36)
[16125,90762] (6,128)
[21682,98376] (21,27)
[23588,90513] (239,31)
[37506,93640] (35,41)
[35009,67153] (29,65)
Correct: 23 Wrong: 55977
[84962,73492] (103,65)
[59064,88334] (290,38)
[42059,74265] (116,12)
[24804,57466] (35,3)
[42166,75956] (71,54)
Correct: 23 Wrong: 57977
[98873,96368] (50,93)
[87387,10290] (75,226)
[57631,98637] (64,7)
[29222,49382] (159,87)
[26492,12334] (11,80)
[80855,56261] (19,71)
Correct: 23 Wrong: 59977
[25936,22406] (149,54)
[97555,71957] (188,80)
[25594,43337] (18,9)
[59796,15304] (4,6)
[36649,92754] (12,88)
Correct: 23 Wrong: 61977
[89409,84426] (164,30)
[48261,64113] (261,13)
[27385,52458] (37,54)
[28645,54846] (136,25)
[66703,55017] (37,52)
Correct: 23 Wrong: 63977
[24694,18224] (30,84)
[63025,74910] (124,77)
[61074,98050] (35,31)
expandOnce: 
----------RESULT----------
expandOnce results for N = 100000; s = 1; nb_seed = 15
	common nodes count G1 and G2 = 100000
	matched = 65092
	correct matches = 23	 wrong matches = 65069
	recall = 0.00023
	precision = 0.000353346
	F1-score = 0.000278633
