Start read graph: /home/ildar/projects/GraphMatching/data/rg_chung_lu_beta_991_n_100000.txt
n = 100000
Graph created
N = 100000
E = 3.58586e+06
p = 0.00071718
THEOREM 1:
	n^(-1) << p <= n^(-5/6 - e) 	e = 0.001	[1/6 > e > 0]
	1e-05 << p <= 6.73493e-05 (FALSE)
pt = 1
ps = 1
r = 2
a_c = 9.72107: initial seed set.
------------------------------------
Generate G1
	generate subgraph
	V_count = 100000
Generate G2
	generate subgraph
	V_count = 100000
same = 100000;  N * pt * pt = 100000
Noisy seeds are generated:
	before = 20; with generated = 20
Start percolation matching
M <- A_0 and Z <- A_0
while M \ Z != None do
[27030,27030] (6,102)
[37575,37575] (28,109)
[60892,60892] (22,178)
[55279,53106] (0,5)
[95113,95113] (48,20)
[67524,67524] (103,21)
[19989,19989] (106,193)
[14810,14810] (186,210)
[1983,93972] (242,153)
[63953,72703] (134,89)
[83983,83983] (207,181)
[28922,33212] (179,205)
[21034,33853] (97,96)
[72033,72033] (240,198)
[65841,74355] (86,138)
[64032,92528] (197,11)
[51662,59206] (121,137)
[51834,27767] (207,233)
[51974,51974] (132,31)
[14743,91376] (133,84)
[45680,79189] (21,141)
[4032,63984] (240,173)
[76110,92802] (174,125)
[35125,29241] (104,175)
[16747,16747] (235,7)
[45937,45937] (141,266)
[3965,3965] (134,21)
[77321,35009] (185,69)
[19648,19648] (258,273)
[68686,68686] (109,117)
[90549,50392] (184,94)
[67526,67526] (99,180)
[5205,45949] (259,132)
[63951,4896] (1,0)
[64279,64279] (128,30)
Correct: 573 Wrong: 1427
[4312,4814] (66,197)
[5726,5726] (75,108)
[48518,61187] (53,201)
[28171,28171] (19,206)
[55043,3132] (145,6)
[62655,90256] (77,58)
[46287,19690] (11,67)
[67590,67590] (69,69)
[5803,5803] (30,58)
[12266,54486] (287,251)
[93156,93156] (184,283)
[36058,88576] (70,80)
[29538,71330] (98,115)
[96603,96603] (116,124)
[12399,62323] (44,182)
[30966,95161] (61,108)
[814,57718] (167,88)
[70032,79594] (197,210)
[46018,18597] (18,285)
Correct: 880 Wrong: 3120
[29021,43626] (153,125)
[69980,60212] (147,66)
[86479,45385] (47,79)
[5365,39096] (33,7)
[34655,34655] (263,220)
[65002,64371] (189,133)
[64672,54266] (1,7)
[19687,19687] (143,192)
[62219,74009] (12,266)
[47550,5348] (80,12)
[57068,75382] (251,102)
[6150,71368] (86,71)
[7023,31477] (230,242)
[2194,60050] (252,24)
[86276,74565] (251,65)
Correct: 1099 Wrong: 4901
[79525,79525] (77,152)
[42855,31512] (46,22)
[12729,29346] (90,59)
[48006,92259] (249,21)
[42000,1556] (203,199)
[52377,52377] (176,110)
[34557,10803] (244,120)
[29108,36702] (64,188)
[14693,77506] (139,81)
[96822,30309] (101,47)
[99609,24593] (120,67)
[37459,37459] (90,131)
[95985,86636] (13,121)
Correct: 1272 Wrong: 6728
[5441,97484] (15,66)
[6922,77962] (145,247)
[31669,31669] (101,147)
[16084,16084] (113,81)
[34829,3108] (65,37)
[43295,76168] (83,36)
[68479,97734] (177,246)
[58349,24626] (130,132)
[30213,16527] (62,33)
[50514,50514] (122,244)
[57671,62742] (94,33)
Correct: 1453 Wrong: 8547
[38173,58447] (1,62)
[92610,8976] (182,71)
[48158,35372] (229,172)
[2873,25836] (192,19)
[79025,4382] (114,185)
[88099,62135] (98,106)
[95736,34582] (41,92)
[6866,17928] (83,154)
[97311,7041] (20,82)
[30286,60000] (173,100)
[65915,8314] (45,5)
Correct: 1594 Wrong: 10406
[20265,10566] (5,69)
[32646,81530] (86,11)
[15128,19763] (103,103)
[51725,60699] (174,121)
[74299,46081] (38,110)
[25680,72717] (57,41)
[32562,27235] (112,187)
[55080,7572] (194,283)
[11339,80646] (36,136)
[85287,23671] (165,126)
Correct: 1699 Wrong: 12301
[15207,61252] (97,71)
[4909,50655] (119,110)
[90734,30360] (183,189)
[96302,2429] (138,43)
[72703,5621] (82,109)
[10859,29889] (54,90)
[84463,29774] (69,42)
[96550,82111] (144,135)
Correct: 1849 Wrong: 14151
[56188,7038] (33,168)
[28349,5097] (164,63)
[71637,9029] (172,158)
[70085,70085] (60,71)
[53965,54360] (64,10)
[28373,31102] (260,1)
[75229,89420] (234,116)
[47915,33742] (93,90)
[77423,4730] (20,103)
Correct: 1946 Wrong: 16054
[41099,48705] (5,0)
[36718,36718] (115,98)
[49040,67166] (111,85)
[3500,3500] (193,252)
[13842,18269] (276,122)
[64092,64159] (100,40)
[91512,57993] (139,138)
[29241,208] (148,47)
Correct: 2065 Wrong: 17935
[21101,29983] (178,219)
[75506,98866] (185,42)
[71624,71624] (85,188)
[84616,28578] (287,32)
[69612,69612] (6,83)
[79463,38639] (59,19)
[82486,84961] (133,28)
[12565,69388] (56,42)
Correct: 2222 Wrong: 19778
[96213,82399] (69,90)
[30994,67592] (224,259)
[692,74046] (86,195)
[66539,71311] (193,68)
[69738,81508] (58,69)
[60257,37553] (49,11)
[24314,68584] (0,237)
[25337,48336] (100,139)
Correct: 2288 Wrong: 21712
[72097,26135] (108,126)
[19628,23219] (292,56)
[73775,63926] (104,94)
[86683,99447] (103,118)
[7047,17802] (249,39)
[99802,25990] (6,110)
[73820,2153] (16,69)
Correct: 2370 Wrong: 23630
[25829,71318] (157,163)
[83603,98579] (89,40)
[95928,95928] (82,33)
[320,40617] (57,163)
[46097,1265] (36,235)
[44912,6893] (71,18)
[58320,32505] (168,96)
[95945,12942] (74,47)
Correct: 2441 Wrong: 25559
[97212,42926] (190,7)
[26980,39626] (197,123)
[72068,93064] (219,62)
[25901,58349] (144,26)
[49543,44852] (158,79)
[87741,48140] (5,137)
[49360,45117] (97,128)
Correct: 2553 Wrong: 27447
[74976,9333] (78,9)
[91568,70670] (10,18)
[90909,72210] (112,179)
[70091,90563] (48,47)
[53400,73292] (87,255)
[76065,37297] (165,95)
[25685,1681] (194,58)
Correct: 2686 Wrong: 29314
[81523,81523] (90,199)
[19156,65483] (143,114)
[45515,42697] (201,118)
[42232,33577] (205,110)
[37386,61232] (22,143)
[14005,59817] (166,64)
[78617,64198] (82,15)
Correct: 2807 Wrong: 31193
[18490,84662] (131,30)
[60354,95690] (31,13)
[36860,51634] (42,13)
[80954,85089] (110,68)
[51576,23520] (37,121)
[97751,47616] (14,93)
[23610,53240] (220,153)
Correct: 2916 Wrong: 33084
[11745,34285] (28,99)
[77096,40833] (285,108)
[26477,73966] (22,211)
[24875,62297] (91,156)
[7842,3999] (296,196)
[88247,296] (19,55)
Correct: 3078 Wrong: 34922
[5801,93425] (47,19)
[9251,87880] (145,81)
[86702,42272] (76,96)
[45979,40081] (251,152)
[717,3768] (160,301)
[43389,9545] (25,95)
[61096,23992] (159,133)
Correct: 3231 Wrong: 36769
[89630,61062] (148,47)
[26729,89623] (5,139)
[29192,77741] (114,6)
[41577,21777] (18,35)
[12764,53227] (17,70)
[89696,33529] (39,255)
Correct: 3403 Wrong: 38597
[37288,12161] (27,29)
[89072,16867] (133,185)
[15013,82901] (22,101)
[74362,86402] (180,251)
[93145,6102] (17,161)
Correct: 3676 Wrong: 40324
[1538,88211] (65,3)
[90031,36796] (163,19)
[60646,24507] (162,231)
[17441,17441] (180,27)
[73774,60787] (81,71)
[31189,72398] (245,143)
Correct: 3926 Wrong: 42074
[62743,34209] (8,5)
[47174,33027] (53,37)
[79998,55661] (118,228)
[5846,46426] (48,45)
[5965,48347] (87,121)
[80185,41214] (55,71)
Correct: 4180 Wrong: 43820
[48110,63622] (223,3)
[19253,76279] (64,97)
[12747,9939] (95,72)
[66963,66963] (174,219)
[3870,23077] (66,76)
Correct: 4498 Wrong: 45502
[51930,74622] (95,95)
[92038,72438] (49,280)
[52627,89818] (129,187)
[72287,72287] (145,172)
[87324,70239] (108,16)
Correct: 4880 Wrong: 47120
[10572,23359] (139,75)
[44149,80319] (232,146)
[23430,21709] (33,1)
[81598,44788] (56,61)
[22439,22439] (149,215)
Correct: 5245 Wrong: 48755
[46048,93753] (29,7)
[90608,41245] (33,119)
[79937,29025] (19,14)
[88779,98643] (77,7)
[91079,91079] (47,45)
Correct: 5728 Wrong: 50272
[32604,34492] (98,22)
[36932,36932] (73,186)
[19443,57290] (83,52)
[57252,47520] (105,79)
Correct: 6264 Wrong: 51736
[47627,44602] (17,19)
[44709,93049] (281,87)
[34001,34001] (38,19)
[44902,4690] (60,53)
Correct: 6887 Wrong: 53113
[83593,21101] (152,102)
[45240,88063] (158,55)
[51556,80607] (113,53)
[25763,57038] (30,0)
Correct: 7583 Wrong: 54417
[90928,84819] (3,138)
[90856,42867] (214,1)
[49710,3451] (52,96)
Correct: 8329 Wrong: 55671
[79291,65308] (32,17)
[23514,86241] (14,97)
[18942,18942] (64,26)
Correct: 9247 Wrong: 56753
[28745,60773] (193,21)
[47460,7670] (90,272)
[50115,68597] (14,10)
Correct: 10256 Wrong: 57744
[37920,1727] (89,11)
[20965,71483] (179,72)
Correct: 11361 Wrong: 58639
[14289,14289] (76,133)
expandOnce: 
----------RESULT----------
expandOnce results for N = 100000; s = 1; nb_seed = 20
	common nodes count G1 and G2 = 100000
	matched = 70554
	correct matches = 11728	 wrong matches = 58826
	recall = 0.11728
	precision = 0.166227
	F1-score = 0.137528
