Start read graph: /home/ildar/projects/GraphMatching/data/rg_chung_lu_beta_991_n_100000.txt
n = 100000
Graph created
N = 100000
E = 3.58586e+06
p = 0.00071718
THEOREM 1:
	n^(-1) << p <= n^(-5/6 - e) 	e = 0.001	[1/6 > e > 0]
	1e-05 << p <= 6.73493e-05 (FALSE)
pt = 1
ps = 1
r = 2
a_c = 9.72107: initial seed set.
------------------------------------
Generate G1
	generate subgraph
	V_count = 100000
Generate G2
	generate subgraph
	V_count = 100000
same = 100000;  N * pt * pt = 100000
Noisy seeds are generated:
	before = 60; with generated = 500
Start percolation matching
M <- A_0 and Z <- A_0
while M \ Z != None do
Correct: 263 Wrong: 7737
[70224,15381] (75,87)
[68796,5104] (190,111)
[44809,5213] (211,116)
[92946,5740] (24,93)
[35221,7770] (60,76)
[64665,71606] (160,132)
[46954,41120] (159,93)
[76713,34751] (206,0)
[71934,84415] (57,293)
[1051,2424] (85,39)
[82066,86316] (49,162)
Correct: 280 Wrong: 9720
[85748,85748] (24,16)
[32082,2217] (122,145)
[23733,34191] (60,86)
[26591,59239] (131,217)
[51883,83948] (146,183)
[65352,78564] (35,7)
[36330,24029] (26,17)
[42144,23028] (156,131)
[26150,27500] (177,151)
[46842,40928] (162,152)
Correct: 299 Wrong: 11701
[24895,33363] (157,126)
[93471,40939] (218,50)
[53463,53070] (121,136)
[55921,22612] (62,38)
[69192,69040] (156,231)
[73906,87643] (245,80)
[15697,88643] (64,155)
[60516,92235] (131,101)
[66529,99762] (142,199)
[28081,61239] (103,228)
[95026,31415] (19,123)
Correct: 302 Wrong: 13698
[60699,18829] (257,83)
[4625,75281] (67,145)
[31115,66547] (138,10)
[15743,77982] (150,157)
[45110,21581] (62,3)
[60568,60568] (5,154)
[70928,98090] (132,218)
[83906,23601] (160,89)
[12449,36981] (6,85)
Correct: 328 Wrong: 15672
[49646,76413] (117,256)
[54662,70621] (162,86)
[82870,77813] (27,70)
[8938,18057] (26,58)
[47118,66985] (77,59)
[99722,99983] (187,85)
[40747,13832] (166,206)
[79326,75284] (35,276)
[3431,98421] (122,106)
Correct: 334 Wrong: 17666
[87845,55623] (75,226)
[99165,93679] (108,36)
[44502,63275] (175,236)
[13331,83234] (78,91)
[41424,45503] (115,116)
[70136,27825] (16,144)
[50915,28409] (147,177)
[83690,41155] (116,141)
Correct: 336 Wrong: 19664
[18251,82488] (90,56)
[23525,69677] (119,164)
[13204,42483] (57,155)
[94102,58799] (162,114)
[70793,57388] (224,201)
[81942,93547] (180,156)
[87161,92868] (132,127)
[85426,10852] (68,178)
[16189,4357] (225,130)
Correct: 349 Wrong: 21651
[27301,51762] (54,56)
[31116,48642] (31,68)
[84007,3765] (280,47)
[95756,48334] (139,0)
[5130,39826] (90,89)
[32060,2966] (151,49)
[80165,69324] (189,275)
[7486,64674] (143,11)
Correct: 349 Wrong: 23651
[15519,81740] (243,23)
[92187,51700] (122,87)
[7313,79738] (6,100)
[93697,20155] (147,108)
[20329,34923] (97,206)
[6707,95580] (45,111)
[27223,89194] (47,275)
[39515,10653] (12,78)
Correct: 358 Wrong: 25642
[54282,67092] (125,110)
[49322,75563] (128,23)
[34919,66612] (134,132)
[97280,85794] (26,14)
[83421,91415] (94,121)
[82024,24682] (77,15)
[46486,97566] (7,76)
Correct: 361 Wrong: 27639
[24702,38255] (132,92)
[67233,68696] (133,177)
[31712,2798] (98,13)
[28442,51458] (5,35)
[13628,67403] (45,89)
[87543,40398] (55,156)
[14599,31302] (33,109)
Correct: 368 Wrong: 29632
[4427,9215] (92,84)
[50273,64519] (1,117)
[16379,96014] (76,27)
[77813,81937] (141,41)
[62945,44914] (117,169)
[39720,18981] (97,0)
[35498,72425] (118,47)
Correct: 375 Wrong: 31625
[29025,5169] (64,42)
[31944,76042] (1,7)
[51218,27162] (122,149)
[91542,82245] (223,125)
[25407,22521] (210,99)
[82828,71723] (103,42)
[28043,25175] (227,29)
[43359,52432] (153,107)
Correct: 381 Wrong: 33619
[55569,65710] (60,59)
[29103,60092] (64,179)
[19454,44051] (236,174)
[73760,1074] (37,87)
[78700,47639] (72,79)
[56149,34181] (51,268)
[8325,7842] (136,139)
Correct: 393 Wrong: 35607
[95403,1433] (63,58)
[70749,74932] (121,28)
[14807,92053] (133,4)
[36497,27198] (51,73)
[71489,99396] (5,148)
[44029,86679] (83,6)
[31467,18793] (136,152)
Correct: 396 Wrong: 37604
[1074,47257] (19,60)
[59974,15704] (79,60)
[44983,29950] (188,85)
[6653,2904] (139,240)
[25452,51227] (73,56)
[52251,21124] (99,92)
[93932,59110] (142,107)
Correct: 403 Wrong: 39597
[99458,59674] (205,39)
[60754,24760] (25,58)
[64390,19496] (6,72)
[79893,96231] (39,44)
[58379,67386] (50,8)
[47830,60112] (32,97)
Correct: 408 Wrong: 41592
[26851,88448] (239,276)
[42166,92014] (250,66)
[9446,50634] (16,26)
[5498,7313] (137,53)
[43505,83318] (84,96)
[38495,32348] (84,183)
[22390,36669] (151,17)
Correct: 423 Wrong: 43577
[24432,74004] (76,36)
[44763,51592] (80,143)
[10730,41797] (19,43)
[42519,43871] (136,69)
[68390,26805] (99,30)
[42007,18375] (0,151)
Correct: 439 Wrong: 45561
[92518,85959] (283,130)
[89234,13906] (9,121)
[39735,7197] (66,15)
[78285,20113] (5,97)
[10611,54707] (117,9)
[50325,1963] (137,169)
Correct: 459 Wrong: 47541
[65798,37929] (141,14)
[79333,40796] (101,21)
[27642,17808] (20,154)
[58024,1183] (124,38)
[77737,29670] (156,24)
[81295,55619] (74,214)
Correct: 468 Wrong: 49532
[25896,40055] (64,240)
[69616,82465] (144,131)
[38663,27389] (292,69)
[88322,67891] (62,265)
[72662,72793] (67,54)
[5184,44546] (217,115)
Correct: 493 Wrong: 51507
[7525,91013] (28,184)
[49269,26141] (137,118)
[89235,72290] (129,110)
[91937,43054] (47,106)
[9253,78265] (287,0)
[86430,54684] (166,96)
Correct: 507 Wrong: 53493
[14362,5190] (18,124)
[48821,18744] (152,10)
[81927,62268] (98,23)
[75295,3095] (47,3)
[37297,55864] (219,120)
[47363,47348] (160,42)
Correct: 520 Wrong: 55480
[21528,56720] (248,229)
[3214,45708] (19,27)
[8678,21645] (157,65)
[39167,72596] (3,26)
[1368,90133] (18,224)
Correct: 544 Wrong: 57456
[85379,32695] (71,193)
[85960,74710] (34,34)
[91772,65178] (191,101)
[66082,18985] (3,29)
[76453,38259] (56,126)
[67931,30949] (215,113)
Correct: 577 Wrong: 59423
[77508,12602] (53,215)
[77760,30331] (140,99)
[79559,60463] (77,217)
[72740,27354] (3,131)
[75557,36034] (141,156)
Correct: 603 Wrong: 61397
[49040,64154] (28,148)
[43791,84605] (59,11)
[39409,55437] (73,96)
[43111,81961] (106,101)
[50272,44379] (222,45)
Correct: 656 Wrong: 63344
[75136,8733] (133,231)
[9097,74146] (268,96)
[12628,77166] (16,13)
[24387,10859] (130,101)
expandOnce: 
----------RESULT----------
expandOnce results for N = 100000; s = 1; nb_seed = 60
	common nodes count G1 and G2 = 100000
	matched = 65319
	correct matches = 690	 wrong matches = 64629
	recall = 0.0069
	precision = 0.0105635
	F1-score = 0.0083475
