Start read graph: /home/ildar/projects/GraphMatching/data/rg_chung_lu_beta_991_n_100000.txt
n = 100000
Graph created
N = 100000
E = 3.58586e+06
p = 0.00071718
THEOREM 1:
	n^(-1) << p <= n^(-5/6 - e) 	e = 0.001	[1/6 > e > 0]
	1e-05 << p <= 6.73493e-05 (FALSE)
pt = 1
ps = 1
r = 2
a_c = 9.72107: initial seed set.
------------------------------------
Generate G1
	generate subgraph
	V_count = 100000
Generate G2
	generate subgraph
	V_count = 100000
same = 100000;  N * pt * pt = 100000
Noisy seeds are generated:
	before = 10; with generated = 50
Start percolation matching
M <- A_0 and Z <- A_0
while M \ Z != None do
[86022,92693] (238,229)
[40247,27790] (57,64)
[55075,21101] (43,154)
[5804,34958] (169,191)
[52995,43142] (21,52)
[34087,64519] (181,128)
[56062,598] (157,204)
[81563,11628] (177,96)
[50989,92373] (225,76)
[6335,13135] (146,195)
[68137,80878] (97,107)
[76109,4197] (290,7)
[61025,85353] (55,201)
[61973,2940] (25,193)
[1938,38316] (202,62)
[60998,82956] (3,87)
[21461,86550] (148,154)
[19508,50510] (113,108)
[123,27707] (109,65)
[86724,26374] (133,261)
[97468,74270] (155,110)
[33207,60606] (152,43)
[33845,82684] (124,130)
[83221,12711] (28,300)
[25658,62680] (186,204)
[29920,97357] (153,155)
[61171,40429] (57,53)
[96959,64919] (149,58)
[77234,90679] (143,116)
[57849,2220] (111,173)
[39555,6025] (82,93)
[63323,56807] (41,68)
[70503,55504] (245,132)
Correct: 10 Wrong: 1990
[53628,81342] (158,119)
[7283,93213] (122,245)
[46869,94344] (37,118)
[90937,27548] (24,88)
[47794,536] (33,17)
[90709,10384] (79,85)
[46213,6414] (165,163)
[72157,3138] (213,8)
[42586,60969] (17,134)
[99652,15742] (77,234)
[92492,82654] (31,119)
[75006,30494] (184,119)
[63946,9916] (95,232)
[16087,18685] (173,171)
[4364,72734] (126,126)
[31505,37713] (161,29)
[7795,9055] (283,215)
[51585,58834] (77,17)
[90776,82426] (83,33)
[7068,70354] (80,181)
Correct: 10 Wrong: 3990
[31614,14239] (92,170)
[28213,58344] (149,21)
[50116,78217] (207,36)
[93967,70044] (198,10)
[56207,66944] (45,145)
[4416,63164] (107,174)
[58077,7637] (236,5)
[94698,60987] (24,152)
[94446,89776] (172,175)
[13965,30937] (59,52)
[94192,97653] (213,29)
[39519,98159] (47,122)
[45605,68474] (42,212)
[58797,30031] (44,112)
[11078,99767] (130,214)
Correct: 10 Wrong: 5990
[34471,17778] (234,90)
[76178,22344] (107,22)
[3011,58497] (161,180)
[29811,88664] (240,40)
[28808,62195] (126,143)
[60416,76541] (49,81)
[33249,63905] (178,214)
[5911,48541] (153,7)
[52490,64845] (129,119)
[73538,20663] (114,99)
[85418,40332] (228,250)
[34193,69714] (100,140)
Correct: 11 Wrong: 7989
[22526,64725] (128,214)
[77790,14006] (301,2)
[48628,11390] (62,171)
[68599,6500] (39,101)
[40167,73334] (226,256)
[85763,91720] (82,236)
[95675,37970] (104,77)
[4611,73829] (141,20)
[92552,35496] (306,10)
[27532,203] (64,290)
[64355,86188] (120,6)
[83450,82859] (68,142)
Correct: 11 Wrong: 9989
[4555,94584] (140,26)
[11856,6838] (15,179)
[82277,82082] (13,51)
[39849,44540] (146,59)
[86933,22920] (17,237)
[75560,18929] (55,218)
[16539,71483] (62,211)
[34078,11117] (24,76)
[22658,36373] (175,101)
[74754,8457] (97,137)
[47205,91155] (5,20)
Correct: 11 Wrong: 11989
[88408,52225] (78,89)
[70989,49499] (126,258)
[79912,74528] (200,58)
[18837,2262] (22,99)
[40116,57258] (259,53)
[25175,31220] (52,106)
[46157,54835] (24,135)
[96489,51085] (45,4)
[81253,59043] (139,5)
[63913,26501] (242,17)
Correct: 12 Wrong: 13988
[22208,29359] (14,29)
[97797,41675] (213,13)
[36818,44282] (38,6)
[64619,93499] (125,0)
[10029,45393] (191,93)
[97881,7199] (41,112)
[65708,23115] (210,239)
[99439,5407] (19,127)
[25717,18675] (250,38)
[35558,70553] (128,27)
Correct: 12 Wrong: 15988
[42057,4923] (57,80)
[19539,60014] (24,162)
[42172,69874] (110,23)
[187,23577] (53,126)
[30123,5620] (38,23)
[31188,92080] (229,1)
[35674,36438] (122,52)
[51871,68546] (149,168)
[73665,78786] (52,24)
Correct: 13 Wrong: 17987
[66801,25431] (31,109)
[50052,79560] (277,122)
[6911,66916] (54,103)
[29198,44490] (23,2)
[73510,74139] (222,59)
[65840,19059] (121,34)
[1592,78734] (140,227)
[1955,3133] (65,76)
Correct: 14 Wrong: 19986
[77118,66061] (152,10)
[1634,70395] (23,16)
[41637,37558] (242,207)
[5323,27133] (103,182)
[53464,47686] (4,3)
[61518,30388] (235,42)
[73204,58712] (159,43)
[96434,137] (118,114)
Correct: 14 Wrong: 21986
[3081,20114] (30,68)
[60106,22846] (164,38)
[33037,25031] (104,103)
[92955,47954] (36,13)
[56988,44928] (203,79)
[48592,1617] (145,87)
[92182,87540] (151,201)
[63770,76366] (98,1)
Correct: 15 Wrong: 23985
[46922,69814] (125,205)
[92913,78342] (210,20)
[58156,40325] (97,18)
[77950,72418] (139,52)
[39869,49510] (180,18)
[63716,48250] (144,52)
[32583,15309] (44,66)
Correct: 15 Wrong: 25985
[86358,44985] (29,115)
[52784,36651] (219,29)
[38344,53564] (55,130)
[76213,36801] (5,144)
[38445,25881] (60,110)
[99251,90334] (164,0)
[23698,78316] (42,198)
[49198,11714] (4,280)
Correct: 15 Wrong: 27985
[78675,89057] (141,108)
[89961,51361] (47,69)
[66137,65443] (75,143)
[26069,56181] (58,46)
[74247,13291] (10,112)
[66763,33351] (169,79)
[30180,56765] (24,79)
Correct: 15 Wrong: 29985
[44994,11030] (1,22)
[69803,96295] (147,4)
[11034,71872] (44,93)
[30453,54799] (204,136)
[14661,2910] (74,68)
[37474,47696] (301,95)
[12528,66546] (175,33)
[85857,53185] (111,90)
Correct: 15 Wrong: 31985
[63396,44637] (32,42)
[13548,15572] (74,2)
[46085,70027] (51,44)
[37927,46488] (153,198)
[76965,68808] (54,27)
[95178,84415] (85,76)
[30270,85942] (81,153)
Correct: 15 Wrong: 33985
[94853,40686] (53,104)
[38580,47854] (18,135)
[48180,19304] (38,195)
[43728,54986] (202,114)
[51073,45147] (4,174)
[2611,92443] (240,145)
[34567,95723] (27,129)
Correct: 16 Wrong: 35984
[43401,80445] (26,152)
[80159,98915] (145,68)
[50876,64635] (35,170)
[3712,78706] (210,41)
[63483,15712] (184,1)
[75114,33787] (244,223)
[75449,67987] (34,95)
Correct: 17 Wrong: 37983
[8306,42798] (235,167)
[27542,42352] (49,111)
[67756,28887] (145,96)
[41928,79100] (35,234)
[23461,3678] (94,62)
[3583,10732] (47,94)
Correct: 18 Wrong: 39982
[27044,54819] (57,165)
[52097,21019] (34,48)
[46402,71634] (119,4)
[11618,66947] (31,212)
[64823,74495] (156,95)
[9851,95448] (52,75)
[52790,22175] (11,130)
Correct: 18 Wrong: 41982
[6253,2290] (83,67)
[63229,89689] (20,119)
[93080,35462] (46,76)
[87110,76042] (110,192)
[48728,93288] (116,143)
[33341,33187] (71,100)
[55569,96568] (64,41)
Correct: 18 Wrong: 43982
[7738,70534] (36,156)
[74566,5164] (26,151)
[34045,96053] (122,38)
[74688,39219] (29,123)
[94851,54827] (37,4)
[69955,94240] (23,68)
Correct: 18 Wrong: 45982
[45385,39152] (141,4)
[69152,94070] (24,120)
[91673,81034] (217,16)
[37842,60360] (19,49)
[49693,8348] (75,35)
[19387,12875] (41,58)
[17550,78910] (46,93)
Correct: 19 Wrong: 47981
[34315,27766] (27,6)
[52627,35360] (60,127)
[83318,95928] (62,70)
[29916,94346] (42,40)
[65302,41383] (96,74)
[38513,79799] (26,16)
Correct: 19 Wrong: 49981
[43357,89840] (81,99)
[3863,73309] (105,117)
[14951,9324] (104,177)
[79575,20058] (102,160)
[59592,83685] (70,187)
[9339,4088] (72,129)
Correct: 19 Wrong: 51981
[83771,17268] (0,67)
[14186,92054] (99,115)
[4277,95751] (252,33)
[96896,93833] (128,152)
[56995,93018] (76,42)
[87111,50153] (71,24)
Correct: 19 Wrong: 53981
[88161,30788] (43,85)
[23813,93382] (32,72)
[34343,59242] (12,46)
[24404,84496] (86,287)
[81062,9545] (128,270)
Correct: 19 Wrong: 55981
[87979,32941] (128,89)
[98750,84583] (0,6)
[49576,49089] (88,249)
[62034,77668] (93,209)
[32905,88544] (159,124)
[7030,87198] (83,213)
Correct: 19 Wrong: 57981
[15825,3500] (77,83)
[10419,12941] (94,114)
[84916,85052] (0,96)
[89865,36249] (60,150)
[38664,65217] (51,8)
Correct: 19 Wrong: 59981
[789,59980] (38,8)
[6197,13366] (52,200)
[99514,84189] (147,7)
[21438,76458] (49,90)
[30208,39206] (104,41)
[61187,94764] (86,64)
Correct: 19 Wrong: 61981
[29211,95681] (57,15)
[66406,74900] (28,36)
[25599,44461] (52,310)
[17764,33387] (39,84)
[95154,73592] (69,127)
Correct: 19 Wrong: 63981
[86504,48806] (135,11)
[60699,32603] (156,76)
[85198,90820] (33,54)
expandOnce: 
----------RESULT----------
expandOnce results for N = 100000; s = 1; nb_seed = 10
	common nodes count G1 and G2 = 100000
	matched = 65140
	correct matches = 19	 wrong matches = 65121
	recall = 0.00019
	precision = 0.000291679
	F1-score = 0.000230108
