Start read graph: /home/ildar/projects/GraphMatching/data/rg_chung_lu_beta_991_n_100000.txt
n = 100000
Graph created
N = 100000
E = 3.58586e+06
p = 0.00071718
THEOREM 1:
	n^(-1) << p <= n^(-5/6 - e) 	e = 0.001	[1/6 > e > 0]
	1e-05 << p <= 6.73493e-05 (FALSE)
pt = 1
ps = 1
r = 2
a_c = 9.72107: initial seed set.
------------------------------------
Generate G1
	generate subgraph
	V_count = 100000
Generate G2
	generate subgraph
	V_count = 100000
same = 100000;  N * pt * pt = 100000
Noisy seeds are generated:
	before = 10; with generated = 10
Start percolation matching
M <- A_0 and Z <- A_0
while M \ Z != None do
[17005,17005] (55,16)
[83271,35922] (191,47)
[83186,85194] (138,273)
[23485,23485] (27,257)
[33939,105] (102,70)
[41968,41968] (192,135)
[35276,6021] (127,79)
[68976,68976] (184,291)
[7903,7890] (16,181)
[49599,35276] (40,99)
[40739,74132] (137,145)
[97097,67460] (47,31)
[77690,29180] (68,94)
[19278,1011] (233,45)
[32617,53793] (118,68)
[3102,16707] (12,35)
[65057,11270] (83,204)
[93347,82991] (16,130)
[83960,52069] (42,54)
[61835,84186] (137,47)
[98230,98050] (160,62)
[77056,86107] (154,65)
[40100,51556] (76,193)
[4936,31225] (9,109)
[54833,27280] (97,143)
[61983,86257] (119,0)
[53139,20433] (27,65)
[15145,51538] (135,198)
[67907,92703] (73,119)
[42232,37576] (54,5)
[82035,64285] (46,94)
[62114,27373] (214,178)
[20248,62185] (30,197)
[66253,47796] (1,285)
[69356,21220] (171,125)
[72792,31931] (235,111)
[21512,19454] (116,259)
[67888,2514] (27,0)
[66453,7264] (251,24)
[40686,19693] (259,114)
[43648,19536] (102,29)
[1251,61697] (29,79)
Correct: 31 Wrong: 1969
[65728,23725] (77,82)
[76163,40144] (143,149)
[90318,24577] (203,211)
[89007,90596] (13,75)
[65664,34685] (128,34)
[25584,65183] (38,54)
[18573,41167] (141,129)
[89027,80607] (250,68)
[43130,80211] (76,199)
[67697,33179] (272,142)
[51759,63367] (230,6)
[88590,51310] (285,80)
[11227,30225] (279,30)
[35047,97654] (44,188)
[41784,64205] (120,46)
[22201,23931] (151,2)
[26124,21409] (43,83)
[93992,87775] (65,33)
[10346,27298] (214,109)
Correct: 32 Wrong: 3968
[80219,53384] (54,94)
[42558,91542] (35,186)
[12903,12903] (254,109)
[25046,20055] (0,66)
[22465,18865] (91,125)
[85148,51796] (80,133)
[70597,63477] (129,126)
[56257,26493] (191,68)
[79253,86138] (227,152)
[79958,79400] (158,176)
[78704,1763] (154,105)
[56282,99089] (101,29)
[93043,29930] (182,191)
[73030,6625] (174,16)
[86140,25979] (38,7)
Correct: 35 Wrong: 5965
[71288,15449] (160,69)
[79804,41956] (47,133)
[37297,33363] (23,121)
[88708,47294] (101,73)
[69087,25835] (179,166)
[85099,66451] (90,102)
[10154,37984] (11,14)
[51969,97137] (131,5)
[84380,30476] (222,11)
[61466,2945] (101,115)
[10357,29958] (249,153)
[25868,57194] (55,286)
[49848,4970] (30,168)
Correct: 35 Wrong: 7965
[11880,30180] (170,15)
[98366,35896] (8,156)
[29824,72129] (37,63)
[81755,97097] (155,163)
[7283,42568] (284,43)
[82435,32750] (169,34)
[94979,94807] (141,189)
[9097,27597] (189,207)
[85282,68129] (48,5)
[88885,34104] (109,22)
[49770,29917] (76,5)
Correct: 37 Wrong: 9963
[4300,23148] (181,38)
[52834,85610] (152,84)
[69180,25480] (11,121)
[6455,34292] (55,119)
[85856,40550] (8,27)
[64856,23738] (162,179)
[39183,7038] (63,192)
[43139,51705] (94,99)
[4315,15481] (183,35)
[92827,32257] (27,30)
[48299,98598] (100,40)
Correct: 37 Wrong: 11963
[81815,64869] (204,95)
[61343,96379] (43,83)
[86388,78264] (209,17)
[34958,51654] (194,89)
[53666,89108] (81,37)
[18637,48411] (183,35)
[64336,19074] (82,106)
[88202,83] (145,4)
[49765,52203] (25,178)
[20018,93833] (72,26)
Correct: 38 Wrong: 13962
[11849,10600] (77,73)
[51791,43611] (190,105)
[55028,66020] (7,215)
[30375,20278] (243,51)
[6194,43912] (166,88)
[52346,19687] (77,153)
[19277,70333] (27,185)
[21847,85362] (33,103)
[14763,92918] (93,54)
Correct: 40 Wrong: 15960
[7004,5494] (24,118)
[29960,44957] (41,39)
[35907,99879] (34,120)
[67518,13417] (107,106)
[67103,62711] (140,148)
[78712,44850] (102,1)
[28349,40833] (51,207)
[17006,33452] (181,161)
[88206,82654] (119,85)
Correct: 40 Wrong: 17960
[5421,57230] (51,56)
[94400,1560] (12,58)
[28654,9706] (18,44)
[17150,11591] (14,37)
[18440,58480] (94,199)
[21210,47514] (130,142)
[3334,6893] (73,266)
[49415,56263] (15,97)
[38746,21318] (81,147)
Correct: 41 Wrong: 19959
[23419,51698] (112,126)
[81656,83271] (102,181)
[25158,86698] (53,89)
[86999,2911] (112,180)
[56920,97058] (138,154)
[16351,70136] (91,47)
[12356,7968] (139,57)
[61734,15729] (20,190)
Correct: 41 Wrong: 21959
[38624,38413] (144,94)
[41657,71299] (53,54)
[49383,53464] (175,233)
[32911,13816] (212,138)
[62053,56174] (87,199)
[5007,39019] (3,111)
[42814,8402] (196,118)
[61820,55512] (91,43)
Correct: 41 Wrong: 23959
[50648,15609] (60,154)
[11659,26301] (248,239)
[37702,6099] (199,137)
[49624,49253] (28,10)
[762,72282] (182,155)
[301,9884] (42,10)
[40007,83899] (21,117)
Correct: 41 Wrong: 25959
[40234,99041] (211,4)
[10225,24511] (89,12)
[13530,58743] (156,86)
[16412,54265] (82,19)
[24295,84792] (51,127)
[98532,82145] (202,206)
[39284,26947] (101,20)
[86686,370] (4,17)
Correct: 41 Wrong: 27959
[88053,51179] (123,117)
[22219,49491] (2,77)
[46154,27844] (7,200)
[72218,42697] (14,89)
[78504,92031] (207,224)
[12324,83423] (86,41)
[36459,65676] (93,151)
Correct: 41 Wrong: 29959
[83092,52412] (20,132)
[85100,24923] (20,64)
[55251,10538] (20,246)
[66179,65677] (11,6)
[78847,44689] (237,108)
[34711,89812] (33,56)
[73800,57007] (130,98)
Correct: 41 Wrong: 31959
[89251,33432] (19,21)
[18125,9802] (53,116)
[31232,85483] (56,10)
[24139,54192] (56,53)
[67886,34040] (110,129)
[37361,56017] (57,67)
[24802,36081] (24,175)
[80112,15041] (12,128)
Correct: 42 Wrong: 33958
[63777,19950] (55,199)
[41093,32197] (152,118)
[62416,56485] (22,8)
[18212,10846] (152,26)
[7818,45927] (89,138)
[16626,91951] (116,22)
[49447,57629] (23,118)
Correct: 43 Wrong: 35957
[60352,5554] (92,111)
[1046,13717] (106,65)
[40959,70442] (13,197)
[54143,58490] (48,88)
[79429,48217] (188,143)
[33936,31714] (32,14)
[57368,27629] (146,251)
Correct: 43 Wrong: 37957
[24426,38819] (275,173)
[46303,57401] (49,59)
[10152,6744] (142,108)
[21177,38281] (74,164)
[96270,49040] (288,98)
[3054,81197] (13,180)
[36188,63145] (151,12)
Correct: 43 Wrong: 39957
[55946,13805] (30,34)
[23726,26430] (156,2)
[48703,63532] (132,88)
[37831,71208] (27,13)
[58326,71229] (67,134)
[57349,95176] (35,69)
Correct: 43 Wrong: 41957
[60945,5291] (21,49)
[21638,1233] (136,92)
[81449,45451] (161,251)
[80602,10] (70,26)
[77012,93599] (78,28)
[203,52584] (93,20)
[62297,9141] (85,40)
Correct: 44 Wrong: 43956
[61735,78856] (153,46)
[12920,43274] (23,68)
[6374,46744] (17,27)
[12028,43446] (71,81)
[65279,74150] (31,61)
[28132,42211] (168,63)
Correct: 46 Wrong: 45954
[48825,55761] (1,115)
[67390,44839] (15,59)
[17218,69809] (69,220)
[9747,35056] (1,59)
[51929,7971] (246,266)
[41475,10313] (47,7)
Correct: 48 Wrong: 47952
[73314,37553] (161,118)
[59686,58320] (118,211)
[94172,27413] (173,53)
[49826,3371] (115,44)
[88317,52793] (65,36)
[909,85775] (204,19)
Correct: 48 Wrong: 49952
[3461,39074] (197,1)
[49922,61355] (64,16)
[33727,13482] (76,245)
[34514,71864] (79,51)
[6220,70812] (82,243)
[58269,32510] (200,232)
Correct: 48 Wrong: 51952
[83088,93699] (187,8)
[66465,32643] (7,62)
[85483,49844] (81,34)
[75518,96333] (47,63)
[19628,92439] (245,80)
[72068,67562] (38,10)
Correct: 48 Wrong: 53952
[68516,52315] (147,175)
[32224,51081] (155,50)
[69614,67891] (78,88)
[23055,37360] (176,109)
[69878,1922] (147,16)
[21547,50005] (250,49)
Correct: 48 Wrong: 55952
[24452,37758] (87,36)
[21915,66853] (154,131)
[27738,207] (33,8)
[43925,71297] (38,255)
[76588,42423] (35,47)
[48908,18456] (58,277)
Correct: 49 Wrong: 57951
[20155,19628] (86,228)
[96515,97064] (32,61)
[13516,32732] (114,188)
[1099,81264] (61,31)
[74799,36271] (77,160)
Correct: 49 Wrong: 59951
[922,21329] (148,97)
[25583,30749] (83,57)
[50057,28036] (50,65)
[11385,61079] (5,87)
[44971,83334] (65,48)
[26340,66228] (71,17)
Correct: 50 Wrong: 61950
[38597,47368] (35,2)
[26779,46941] (77,207)
[53872,90702] (7,84)
[62117,68623] (172,198)
[82967,90894] (35,45)
Correct: 50 Wrong: 63950
[37212,49499] (290,78)
[25365,71089] (108,101)
[12405,17878] (87,18)
expandOnce: 
----------RESULT----------
expandOnce results for N = 100000; s = 1; nb_seed = 10
	common nodes count G1 and G2 = 100000
	matched = 65014
	correct matches = 50	 wrong matches = 64964
	recall = 0.0005
	precision = 0.000769065
	F1-score = 0.000606009
