Start read graph: /home/ildar/projects/GraphMatching/data/rg_chung_lu_beta_991_n_100000.txt
n = 100000
Graph created
N = 100000
E = 1.29394e+06
p = 0.000258791
THEOREM 1:
	n^(-1) << p <= n^(-5/6 - e) 	e = 0.001	[1/6 > e > 0]
	1e-05 << p <= 6.73493e-05 (FALSE)
pt = 1
ps = 1
r = 2
a_c = 74.657: initial seed set.
------------------------------------
Generate G1
	generate subgraph
	V_count = 100000
Generate G2
	generate subgraph
	V_count = 100000
same = 100000;  N * pt * pt = 100000
Noisy seeds are generated:
	before = 60; with generated = 100
Start percolation matching
M <- A_0 and Z <- A_0
while M \ Z != None do
[9610,9610] (165,58)
[10152,10152] (174,4)
[12445,12445] (81,287)
[9225,9225] (168,10)
[12898,12898] (95,5)
[11732,11732] (145,19)
[9032,9032] (47,3)
[5025,5025] (64,55)
[6709,6709] (181,176)
[11054,11054] (162,27)
[4754,4754] (247,160)
[1972,11031] (157,104)
[1264,1264] (10,43)
[11944,11944] (241,210)
[49482,40607] (7,18)
[34060,6325] (28,200)
[90145,90145] (12,26)
[11410,7344] (142,237)
[6116,6116] (162,89)
[124,124] (193,36)
[5184,5184] (212,27)
Correct: 844 Wrong: 1156
[3165,3165] (112,64)
[3315,3315] (192,146)
[583,583] (205,167)
[7344,8184] (149,37)
[10296,633] (285,93)
[3172,43543] (78,32)
[7602,35895] (95,12)
[55965,69821] (29,0)
[7042,7042] (38,115)
[2238,12293] (20,170)
[2125,2125] (56,27)
[8653,8653] (114,50)
[5291,5291] (73,6)
[9311,9311] (33,157)
Correct: 1726 Wrong: 2274
[8799,8799] (10,53)
[3164,3164] (158,11)
[7389,10313] (16,253)
[9194,9194] (8,196)
[8748,8748] (111,21)
[9055,8527] (121,170)
[4759,11841] (169,48)
[8875,8875] (227,29)
[5349,5349] (137,238)
[91179,12641] (11,110)
[7960,7960] (38,33)
Correct: 2685 Wrong: 3315
[5116,5116] (253,258)
[9253,8240] (50,95)
[692,692] (27,42)
[8546,6084] (130,11)
[1200,2194] (51,97)
[7795,42706] (28,39)
[19205,98274] (28,17)
[12393,9139] (111,221)
Correct: 3756 Wrong: 4244
[8381,4694] (8,228)
[12903,12903] (34,137)
[59012,99772] (5,19)
[7010,7010] (153,143)
[63312,3503] (6,207)
[6857,8707] (128,101)
[6637,6637] (183,193)
[198,28] (93,77)
[6527,6527] (50,25)
Correct: 4705 Wrong: 5295
[15735,12471] (32,60)
[69632,82558] (5,23)
[7697,74] (126,179)
[9325,9325] (67,107)
[12616,12616] (31,113)
[9622,9622] (67,19)
[91812,91812] (12,8)
Correct: 5874 Wrong: 6126
[23055,48644] (16,11)
[6893,6893] (39,93)
[12591,4184] (174,166)
[28635,8939] (2,9)
[75688,4833] (34,32)
[48514,97076] (22,13)
Correct: 7032 Wrong: 6968
[7706,2030] (212,28)
[2361,2361] (12,202)
[6869,13205] (202,17)
[11736,11736] (4,148)
[4560,4560] (37,153)
Correct: 8265 Wrong: 7735
[7070,3398] (110,179)
[84682,11809] (11,61)
[60589,4657] (18,100)
[12145,12145] (46,20)
Correct: 9546 Wrong: 8454
[2840,1926] (125,76)
[10823,1693] (173,20)
[1886,12729] (256,117)
[5442,5442] (35,134)
Correct: 10987 Wrong: 9013
[5019,5019] (184,86)
[11782,11782] (8,48)
[9527,9527] (125,86)
Correct: 12476 Wrong: 9524
[1748,1748] (75,80)
[10091,10091] (207,28)
[1447,1447] (236,246)
[12001,2897] (12,31)
Correct: 13948 Wrong: 10052
[1809,49] (173,40)
[3510,3510] (16,235)
[6374,6629] (209,141)
Correct: 15424 Wrong: 10576
[7977,7977] (1,28)
[8793,8793] (123,130)
[9200,9200] (43,9)
Correct: 16966 Wrong: 11034
[6406,6406] (23,8)
[3531,5141] (21,188)
Correct: 18534 Wrong: 11466
[7279,7279] (151,221)
[9160,9160] (134,13)
Correct: 20173 Wrong: 11827
[12661,12661] (26,28)
[10184,10184] (12,18)
[11882,95] (92,226)
Correct: 21783 Wrong: 12217
[7294,7294] (41,81)
Correct: 23468 Wrong: 12532
[10114,6226] (20,86)
[6612,6612] (130,153)
Correct: 25153 Wrong: 12847
[717,717] (154,161)
[11137,11838] (52,19)
Correct: 26858 Wrong: 13142
[10752,4730] (142,13)
Correct: 28530 Wrong: 13470
[9827,9827] (93,11)
Correct: 30234 Wrong: 13766
[4652,4652] (31,4)
[7068,7068] (201,23)
Correct: 31973 Wrong: 14027
[11030,11030] (35,64)
Correct: 33734 Wrong: 14266
[12764,12764] (75,47)
Correct: 35484 Wrong: 14516
[10859,10859] (217,51)
Correct: 37283 Wrong: 14717
[13013,6373] (187,31)
Correct: 39049 Wrong: 14951
[9567,9567] (38,47)
Correct: 40861 Wrong: 15139
Correct: 42641 Wrong: 15359
[4730,535] (7,154)
Correct: 44435 Wrong: 15565
[10792,6819] (31,272)
Correct: 46264 Wrong: 15736
Correct: 48067 Wrong: 15933
[5568,4093] (36,10)
expandOnce: 
----------RESULT----------
expandOnce results for N = 100000; s = 1; nb_seed = 60
	common nodes count G1 and G2 = 100000
	matched = 65129
	correct matches = 49121	 wrong matches = 16008
	recall = 0.49121
	precision = 0.754211
	F1-score = 0.594941
