Start read graph: /home/ildar/projects/GraphMatching/data/rg_chung_lu_beta_991_n_100000.txt
n = 100000
Graph created
N = 100000
E = 3.58586e+06
p = 0.00071718
THEOREM 1:
	n^(-1) << p <= n^(-5/6 - e) 	e = 0.001	[1/6 > e > 0]
	1e-05 << p <= 6.73493e-05 (FALSE)
pt = 1
ps = 1
r = 2
a_c = 9.72107: initial seed set.
------------------------------------
Generate G1
	generate subgraph
	V_count = 100000
Generate G2
	generate subgraph
	V_count = 100000
same = 100000;  N * pt * pt = 100000
Noisy seeds are generated:
	before = 200; with generated = 200
Start percolation matching
M <- A_0 and Z <- A_0
while M \ Z != None do
[23910,23910] (147,56)
[84791,84791] (27,30)
[14384,14384] (181,17)
[29432,29432] (132,15)
[19993,19993] (177,192)
[1137,1137] (156,56)
[87647,87647] (212,48)
[21019,21019] (104,158)
[89705,89705] (154,37)
[1699,1699] (152,261)
[79896,79896] (38,177)
Correct: 3075 Wrong: 925
[33472,33472] (223,38)
[32988,32988] (121,108)
[66906,66906] (70,150)
[5248,5248] (145,147)
[55373,66734] (185,32)
[96442,96442] (246,116)
[89194,69038] (120,230)
[4737,4737] (127,99)
[43659,35879] (31,1)
[51993,51993] (144,13)
[28611,28611] (2,198)
Correct: 4392 Wrong: 1608
[4572,4572] (185,257)
[60082,60082] (17,17)
[85023,85023] (61,85)
[88240,88240] (175,17)
[75486,75486] (261,152)
[75407,75407] (141,10)
[99820,36840] (60,15)
[37404,37404] (123,263)
Correct: 5732 Wrong: 2268
[96357,96357] (64,110)
[3967,3967] (64,53)
[86249,68461] (132,0)
[90618,90618] (136,97)
[92228,27971] (49,90)
[97211,97211] (60,38)
[9511,9511] (223,129)
Correct: 7172 Wrong: 2828
[1990,18500] (223,117)
[89292,89292] (274,142)
[25091,50325] (210,188)
[53389,27493] (0,74)
[97184,97184] (33,30)
[12257,12257] (188,80)
[4014,4014] (89,116)
Correct: 8603 Wrong: 3397
[41265,41265] (32,227)
[70503,70503] (111,114)
[69844,69844] (63,187)
[44092,44092] (130,84)
[99091,99091] (171,129)
[92677,92677] (76,79)
Correct: 10048 Wrong: 3952
[85239,85239] (29,69)
[41724,67690] (101,91)
[62323,76535] (30,163)
[9581,9581] (7,139)
[5965,99482] (157,2)
Correct: 11482 Wrong: 4518
[12699,12699] (117,107)
[6623,6623] (52,8)
[26044,9111] (2,64)
[3856,73486] (31,117)
[18852,94402] (84,168)
[51866,51866] (142,167)
Correct: 12942 Wrong: 5058
[57335,57335] (26,97)
[84888,53763] (216,292)
[36338,81417] (41,12)
[99836,99836] (14,31)
[295,295] (57,5)
Correct: 14360 Wrong: 5640
[28421,28421] (107,3)
[62388,2132] (141,33)
[64241,64241] (239,39)
[70388,61683] (235,132)
Correct: 15894 Wrong: 6106
[71437,71437] (89,134)
[76860,47712] (172,34)
[46887,46887] (79,210)
Correct: 17424 Wrong: 6576
[42387,42387] (63,0)
[12043,43401] (126,204)
[15572,15572] (10,25)
[82258,1407] (144,54)
Correct: 18979 Wrong: 7021
[81417,36338] (39,181)
[15746,15746] (7,114)
[95560,95560] (52,17)
Correct: 20511 Wrong: 7489
[37272,37272] (15,64)
[80893,80893] (70,27)
[2765,2765] (20,28)
Correct: 22132 Wrong: 7868
[77429,26751] (54,206)
[5706,84473] (98,39)
Correct: 23741 Wrong: 8259
[32653,32653] (3,76)
[6295,6295] (35,74)
[31250,31250] (222,60)
Correct: 25424 Wrong: 8576
[71113,71113] (96,97)
[4041,5684] (173,8)
Correct: 27105 Wrong: 8895
[93691,93691] (84,43)
[42778,42778] (21,214)
Correct: 28772 Wrong: 9228
[44879,44879] (28,68)
Correct: 30540 Wrong: 9460
[40816,40816] (185,112)
[23598,13041] (228,164)
Correct: 32262 Wrong: 9738
[87760,87760] (289,223)
[30402,30402] (46,118)
Correct: 34029 Wrong: 9971
[55080,55080] (202,57)
Correct: 35791 Wrong: 10209
[28109,77651] (146,163)
Correct: 37558 Wrong: 10442
[58554,58554] (168,89)
[78041,78041] (168,24)
Correct: 39379 Wrong: 10621
Correct: 41187 Wrong: 10813
[97947,2443] (26,253)
Correct: 43015 Wrong: 10985
[82295,82295] (256,198)
Correct: 44854 Wrong: 11146
[43239,43239] (24,121)
Correct: 46723 Wrong: 11277
[17302,17302] (14,69)
Correct: 48618 Wrong: 11382
[8901,8901] (212,219)
Correct: 50486 Wrong: 11514
Correct: 52378 Wrong: 11622
[28234,44421] (59,80)
Correct: 54263 Wrong: 11737
Correct: 56158 Wrong: 11842
[15816,15816] (107,97)
Correct: 58062 Wrong: 11938
Correct: 59974 Wrong: 12026
Correct: 61879 Wrong: 12121
[41962,41962] (163,7)
Correct: 63783 Wrong: 12217
Correct: 65693 Wrong: 12307
Correct: 67612 Wrong: 12388
Correct: 69530 Wrong: 12470
[48623,48623] (55,35)
Correct: 71442 Wrong: 12558
Correct: 73359 Wrong: 12641
Correct: 75271 Wrong: 12729
Correct: 77198 Wrong: 12802
Correct: 79116 Wrong: 12884
Correct: 81047 Wrong: 12953
Correct: 82963 Wrong: 13037
Correct: 84838 Wrong: 13162
[45348,45348] (51,19)
expandOnce: 
----------RESULT----------
expandOnce results for N = 100000; s = 1; nb_seed = 200
	common nodes count G1 and G2 = 100000
	matched = 98691
	correct matches = 85486	 wrong matches = 13205
	recall = 0.85486
	precision = 0.866199
	F1-score = 0.860492
