Start read graph
n = 1000000
Graph created
N = 1000000
E = 898074
p = 1.79615e-06
THEOREM 1:
	n^(-1) << p <= n^(-5/6 - e) 	e = 0.001	[1/6 > e > 0]
	1e-06 << p <= 9.86279e-06 (OK)
pt = 1
ps = 1
r = 2
a_c = 154983: initial seed set.
------------------------------------
Generate G1
	generate subgraph
	V_count = 1000000
Generate G2
	generate subgraph
	V_count = 1000000
same = 1000000;  N * pt * pt = 1e+06
Noisy seeds are generated:
	before = 50; with generated = 13000
Start percolation matching
M <- A_0 and Z <- A_0
while M \ Z != None do
[56,56] (110,183)
[56,56] (267,612)
[56,56] (426,585)
[56,56] (587,478)
[854,533] (26,170)
[2,33] (134,532)
[2,33] (304,266)
[2,33] (472,444)
[2,33] (640,141)
[2,33] (810,101)
[2,33] (979,341)
[2,33] (1147,580)
[31,4048] (311,8)
[186,186] (112,404)
[186,186] (244,43)
[186,186] (378,340)
[186,186] (508,477)
[186,186] (638,756)
[186,186] (773,626)
[2460,4] (13,2417)
[11,11] (60,732)
[11,11] (203,638)
[11,11] (344,447)
[11,11] (487,291)
[11,11] (627,585)
[396205,159] (3,70)
[116,116] (290,118)
[36,36] (115,519)
[36,36] (274,155)
[36,36] (429,245)
[36,36] (584,618)
[10806,30] (16,384)
[5,16] (62,764)
[5,16] (142,904)
[5,16] (219,1083)
[5,16] (295,1300)
[5,16] (373,184)
[5,16] (450,1114)
[5,16] (530,197)
[5,16] (607,638)
[5,16] (688,343)
[5,16] (768,321)
[5,16] (846,173)
[5,16] (925,457)
[5,16] (1004,920)
[5,16] (1082,978)
[5,16] (1161,494)
[5,16] (1239,706)
[5,16] (1319,891)
[5,16] (1398,616)
[5,16] (1479,948)
[5,16] (1558,230)
[5,16] (1636,636)
[5,16] (1716,848)
[5,16] (1795,372)
[5,16] (1875,1219)
[5,16] (1954,218)
[95,77] (143,113)
[95,77] (359,453)
[81,81] (26,401)
[81,81] (172,635)
[81,81] (321,552)
[81,81] (473,32)
[81,81] (623,52)
[1742,13704] (40,27)
[13016,383] (22,287)
[143,10938] (374,17)
[42,42] (209,21)
[47,316] (33,14)
[47,316] (919,87)
[29,253] (100,56)
[29,253] (445,45)
[29,253] (787,50)
[29,253] (1132,199)
[33,2] (50,565)
[33,2] (135,291)
[33,2] (219,630)
[33,2] (304,251)
[33,2] (386,294)
[33,2] (472,338)
[33,2] (555,261)
[134,64] (21,727)
[134,64] (161,338)
[134,64] (299,416)
[134,64] (438,357)
[3571,899] (31,103)
[7746,46] (7,532)
[663,382] (235,234)
[26054,787] (7,15)
[6,6] (20,1293)
[6,6] (65,162)
[6,6] (112,1784)
[6,6] (157,791)
[6,6] (203,1897)
[6,6] (250,1462)
[6,6] (295,695)
[6,6] (341,1943)
[6,6] (389,984)
[6,6] (434,399)
[6,6] (478,2093)
[6,6] (527,198)
[6,6] (573,763)
[6,6] (621,1890)
[6,6] (667,1721)
[6,6] (712,1684)
[6,6] (759,800)
[6,6] (806,444)
[6,6] (852,1353)
[6,6] (899,535)
[6,6] (947,1921)
[6,6] (993,1914)
[6,6] (1039,514)
[6,6] (1085,804)
[6,6] (1131,192)
[6,6] (1176,1597)
[6,6] (1223,2028)
[6,6] (1271,1830)
[6,6] (1318,276)
[6,6] (1363,894)
[6,6] (1410,2220)
[6,6] (1458,1351)
[6,6] (1505,328)
[6,6] (1553,441)
[6,6] (1600,1944)
[6,6] (1647,1646)
[6,6] (1695,593)
[6,6] (1741,120)
[6,6] (1786,1397)
[6,6] (1833,389)
[6,6] (1878,1663)
[6,6] (1924,1232)
[6,6] (1971,1753)
[6,6] (2017,1280)
[6,6] (2064,1492)
[6,6] (2110,1952)
[6,6] (2156,1330)
[6,6] (2203,824)
[6,6] (2249,292)
[310,310] (186,83)
[340,902] (71,77)
[137,8645] (297,81)
[79,1804] (99,4)
ExpandOnce: 
----------RESULT----------
ExpandWhenStuck results for N = 1000000; s = 1; nb_seed = 50
	common nodes count G1 and G2 = 1000000
	matched = 3434
	correct matches = 187	 wrong matches = 3247
	recall = 0.000187
	precision = 0.000187
	F1-score = 0.000187
	precision (correct+wrong) = 3248
	F1-score (correct+wrong) = 0.000374
