Start read graph: /home/ildar/projects/GraphMatching/data/rg_barabasi_albert.txt
n = 1000000
Graph created
N = 1000000
E = 2.99999e+06
p = 5.99999e-06
THEOREM 1:
	n^(-1) << p <= n^(-5/6 - e) 	e = 0.001	[1/6 > e > 0]
	1e-06 << p <= 9.86279e-06 (OK)
pt = 1
ps = 1
r = 2
a_c = 13888.9: initial seed set.
------------------------------------
Generate G1
	generate subgraph
	V_count = 1000000
Generate G2
	generate subgraph
	V_count = 1000000
same = 1000000;  N * pt * pt = 1e+06
START algorithm time: Mon Nov 30 12:11:48 2015
Noisy seeds are generated:
	before = 31; with generated = 10000
Start percolation matching
M <- A_0 and Z <- A_0
while M \ Z != None do
[186,3] (40,1769)
[186,3] (97,1450)
[186,3] (153,1332)
[186,3] (209,745)
[186,3] (264,756)
[186,3] (320,493)
[186,3] (375,1449)
[186,3] (430,1571)
[186,3] (488,822)
[186,3] (544,347)
[186,3] (599,1140)
[186,3] (654,1485)
[186,3] (712,594)
[186,3] (768,1135)
[4,4] (22,2000)
[4,4] (59,2500)
[4,4] (97,1533)
[4,4] (136,1111)
[4,4] (173,2025)
[4,4] (211,2616)
[4,4] (248,2279)
[4,4] (285,1446)
[4,4] (324,1097)
[4,4] (362,1150)
[4,4] (400,1098)
[4,4] (437,2361)
[4,4] (475,332)
[4,4] (511,2556)
[4,4] (548,2022)
[4,4] (587,1010)
[4,4] (624,586)
[4,4] (661,161)
[4,4] (698,2247)
[4,4] (735,1897)
[4,4] (773,754)
[4,4] (810,444)
[4,4] (847,132)
[4,4] (885,905)
[4,4] (925,671)
[4,4] (962,434)
[4,4] (999,2636)
[4,4] (1037,2440)
[4,4] (1074,2241)
[4,4] (1112,2043)
[4,4] (1149,1843)
[4,4] (1189,1250)
[4,4] (1227,2727)
[4,4] (1265,1215)
[4,4] (1302,1243)
[4,4] (1339,1272)
[4,4] (1376,1299)
[4,4] (1413,1327)
[4,4] (1450,1354)
[4,4] (1488,1381)
[4,4] (1525,1408)
[4,4] (1563,92)
[4,4] (1600,2445)
[4,4] (1638,1256)
[4,4] (1676,1399)
[4,4] (1714,1262)
[4,4] (1752,1443)
[4,4] (1789,1621)
[4,4] (1827,408)
[4,4] (1864,625)
[4,4] (1901,838)
[4,4] (1942,967)
[4,4] (1979,1303)
[4,4] (2017,1634)
[4,4] (2055,1965)
[4,4] (2093,2049)
[4,4] (2130,2415)
[4,4] (2169,839)
[4,4] (2207,1006)
[4,4] (2244,1456)
[4,4] (2281,2096)
[4,4] (2318,2574)
[4,4] (2356,299)
[4,4] (2394,783)
[4,4] (2432,2328)
[4,4] (2470,121)
[4,4] (2507,686)
[4,4] (2544,1247)
[4,4] (2581,1891)
[4,4] (2618,2486)
[4,4] (2656,324)
[4,4] (2694,696)
[4,4] (2732,1033)
[4,4] (2770,137)
[490,57] (74,257)
[5489,2] (59,335)
[1,784] (347,196)
[764,6] (8,83)
[764,6] (52,1505)
[764,6] (99,609)
[764,6] (144,2101)
[2,633] (251,128)
[2,633] (939,74)
[15,606] (232,2)
[2960,18] (114,168)
[2118,701] (85,59)
[42,50] (71,75)
[42,50] (207,518)
[42,50] (344,213)
[20,49] (48,681)
[20,49] (184,486)
[20,49] (318,471)
[20,49] (453,456)
[98,22] (31,656)
[98,22] (111,190)
[98,22] (191,293)
[98,22] (270,312)
[98,22] (351,161)
[98,22] (428,455)
[1057,30] (78,627)
[1057,30] (162,48)
[1057,30] (245,1100)
[4170,21] (77,603)
[6,5] (7,223)
[6,5] (59,805)
[6,5] (111,941)
[6,5] (164,629)
[6,5] (217,1554)
[6,5] (269,646)
[6,5] (321,1622)
[6,5] (373,622)
[6,5] (427,1173)
[6,5] (480,1420)
[6,5] (532,734)
[6,5] (585,1781)
[6,5] (638,796)
[6,5] (691,1755)
[6,5] (744,1233)
[6,5] (796,706)
[6,5] (848,227)
[6,5] (902,357)
[6,5] (954,1505)
[6,5] (1008,744)
[6,5] (1061,1822)
[6,5] (1115,1666)
[6,5] (1168,1619)
[6,5] (1220,1571)
[6,5] (1273,1339)
[6,5] (1325,1344)
[6,5] (1378,1927)
[6,5] (1431,1425)
[6,5] (1485,262)
[6,5] (1540,191)
[6,5] (1592,524)
[6,5] (1645,852)
[6,5] (1697,1175)
[6,5] (1750,1002)
[6,5] (1803,623)
[6,5] (1855,1193)
[6,5] (1907,1678)
[6,5] (1961,189)
[6,5] (2013,686)
[6,5] (2065,1170)
[6,5] (2117,1656)
[6,5] (2170,1361)
[6,5] (2223,1898)
[6,5] (2276,467)
[12,1237] (672,126)
[1390,1600] (72,34)
[47,45] (222,336)
[47,45] (526,34)
[47,45] (831,69)
[137,30295] (17,30)
[738,36] (52,434)
[2433,3181] (26,38)
[21,10] (131,711)
[21,10] (275,596)
[21,10] (419,133)
[21,10] (561,127)
[21,10] (706,423)
[106,43] (66,115)
[106,43] (379,150)
[1815,1815] (15,57)
[1697,1648] (85,169)
[69,8] (89,461)
[69,8] (204,488)
[49290,932] (7,115)
[1408,1] (61,343)
[3364,9] (30,393)
END algorithm time: Mon Nov 30 12:14:50 2015
expandOnce: 
----------RESULT----------
expandOnce results for N = 1000000; s = 1; nb_seed = 31
	common nodes count G1 and G2 = 1000000
	matched = 2373
	correct matches = 133	 wrong matches = 2240
	recall = 0.000133
	precision = 0.0560472
	F1-score = 0.00026537
