Start read graph
n = 1000000
Graph created
N = 1000000
E = 2.99999e+06
p = 5.99999e-06
THEOREM 1:
	n^(-1) << p <= n^(-5/6 - e) 	e = 0.001	[1/6 > e > 0]
	1e-06 << p <= 9.86279e-06 (OK)
pt = 1
ps = 1
r = 2
a_c = 13888.9: initial seed set.
------------------------------------
Generate G1
	generate subgraph
	V_count = 1000000
Generate G2
	generate subgraph
	V_count = 1000000
same = 1000000;  N * pt * pt = 1e+06
Noisy seeds are generated:
	before = 100; with generated = 200
Start percolation matching
M <- A_0 and Z <- A_0
while M \ Z != None do
[16,16] (75,291)
[16,16] (150,617)
[16,16] (225,944)
[16,16] (301,910)
[16,16] (376,1311)
[16,16] (452,559)
[16,16] (527,1036)
[16,16] (603,183)
[16,16] (678,660)
[16,16] (754,1137)
[16,16] (830,284)
[16,16] (905,762)
[16,16] (980,1239)
[16,16] (1056,617)
[16,16] (1131,1170)
[16,16] (1207,393)
[16,16] (1282,945)
[2,2] (29,291)
[2,2] (110,81)
[2,2] (190,562)
[2,2] (270,1045)
[2,2] (351,280)
[2,2] (431,763)
[2,2] (511,1244)
[2,2] (593,479)
[2,2] (673,1189)
[2,2] (754,504)
[2,2] (834,1068)
[2,2] (915,383)
[2,2] (995,946)
[2,2] (1077,120)
[2,2] (1157,764)
[2,2] (1238,160)
[19,19] (162,330)
[19,19] (343,203)
[19,19] (524,172)
[6,6] (34,2130)
[6,6] (80,1166)
[6,6] (124,1023)
[6,6] (168,880)
[6,6] (212,1011)
[6,6] (257,183)
[6,6] (301,127)
[6,6] (345,72)
[6,6] (390,1491)
[6,6] (434,1524)
[6,6] (479,752)
[6,6] (523,2266)
[6,6] (568,108)
[6,6] (612,230)
[6,6] (656,351)
[6,6] (701,472)
[6,6] (745,593)
[6,6] (789,715)
[6,6] (833,839)
[6,6] (877,2185)
[6,6] (922,71)
[6,6] (966,237)
[6,6] (1010,402)
[6,6] (1054,567)
[6,6] (1098,2097)
[6,6] (1143,2208)
[6,6] (1188,1998)
[6,6] (1233,106)
[6,6] (1277,492)
[6,6] (1321,883)
[6,6] (1365,1271)
[6,6] (1409,1657)
[6,6] (1453,2045)
[6,6] (1498,404)
[6,6] (1542,837)
[6,6] (1586,1271)
[6,6] (1632,277)
[6,6] (1676,751)
[6,6] (1720,1232)
[6,6] (1765,982)
[6,6] (1809,1503)
[6,6] (1853,2022)
[6,6] (1898,264)
[6,6] (1943,153)
[6,6] (1987,761)
[6,6] (2031,1435)
[6,6] (2075,2089)
[6,6] (2120,463)
[6,6] (2164,1123)
[6,6] (2209,364)
[6,6] (2253,1067)
[20,20] (87,11)
[20,20] (305,65)
[234,234] (70,140)
[234,234] (326,371)
[3,9] (49,682)
[3,9] (139,110)
[3,9] (228,878)
[3,9] (318,647)
[3,9] (407,437)
[3,9] (495,382)
[3,9] (583,327)
[3,9] (671,975)
[3,9] (759,1008)
[3,9] (847,1041)
[3,9] (936,1074)
[3,9] (1024,1107)
[3,9] (1113,1140)
[3,9] (1202,27)
[3,9] (1290,60)
[3,9] (1378,93)
[3,9] (1466,126)
[3,9] (1554,161)
[3,9] (1642,194)
[3,9] (1731,228)
[3,9] (1819,868)
[4,17] (186,217)
[4,17] (586,246)
[4,17] (986,96)
[4,17] (1384,200)
[4,17] (1783,51)
[4,17] (2182,155)
[4,17] (2581,4)
[134,134] (74,115)
[134,134] (288,102)
[81,81] (11,226)
[81,81] (153,143)
[81,81] (296,27)
[81,81] (440,264)
[81,81] (584,120)
[229,229] (4,371)
[229,229] (260,382)
[43,43] (131,264)
[56,175] (175,24)
[56,175] (632,17)
[5,5] (2,386)
[5,5] (52,1944)
[5,5] (105,1133)
[5,5] (156,815)
[5,5] (209,147)
[5,5] (261,1364)
[5,5] (313,800)
[5,5] (364,635)
[5,5] (418,1265)
[5,5] (470,1203)
[5,5] (522,1142)
[5,5] (575,1502)
[5,5] (627,514)
[5,5] (678,658)
[5,5] (729,805)
[5,5] (780,949)
[5,5] (831,1094)
[5,5] (885,356)
[5,5] (936,608)
[5,5] (988,240)
[5,5] (1039,1182)
[5,5] (1091,1531)
[5,5] (1143,1711)
[5,5] (1195,1052)
[5,5] (1247,1505)
[5,5] (1301,848)
[5,5] (1355,987)
[5,5] (1407,1208)
[5,5] (1459,874)
[5,5] (1511,1574)
[5,5] (1566,15)
[5,5] (1617,1816)
[5,5] (1670,755)
[5,5] (1722,119)
[5,5] (1775,1513)
[5,5] (1827,984)
[5,5] (1880,715)
[5,5] (1932,1029)
[5496,12] (2,928)
[93,93] (44,128)
[93,93] (258,426)
[93,93] (474,409)
[35,35] (110,331)
[35,35] (302,129)
[35,35] (491,275)
[36,36] (80,368)
[36,36] (232,325)
[36,36] (387,548)
[36,36] (543,472)
[12,5496] (378,58)
[51,14] (18,1284)
[51,14] (78,1081)
[51,14] (134,953)
[61,61] (44,295)
[386,386] (67,112)
[120,120] (198,376)
[1167,124] (34,120)
[253,253] (294,248)
[364,364] (27,99)
[29,29] (46,954)
[29,29] (128,171)
[29,29] (209,798)
[29,29] (293,849)
[29,29] (378,46)
[29,29] (460,792)
[29,29] (544,1027)
[29,29] (628,246)
[29,29] (712,1035)
[29,29] (794,1160)
[29,29] (878,374)
[29,29] (961,99)
[29,29] (1045,327)
[29,29] (1128,950)
[29,29] (1213,128)
[241,241] (130,61)
[22,22] (65,104)
[22,22] (145,1121)
[22,22] (226,1015)
[22,22] (307,416)
[22,22] (387,1317)
[22,22] (468,316)
[22,22] (548,901)
[22,22] (627,450)
[22,22] (706,52)
[22,22] (788,255)
[22,22] (869,520)
[22,22] (948,1115)
[22,22] (1030,293)
[22,22] (1110,914)
[22,22] (1190,1149)
[22,22] (1271,244)
[5731,26] (39,95)
[9,1600] (664,39)
[2931,2931] (7,117)
[63,63] (200,309)
[63,63] (435,267)
[103,72] (230,257)
[122,122] (31,79)
[122,122] (233,113)
[122,122] (438,197)
[759,759] (205,141)
[15,15] (45,65)
[15,15] (191,70)
[15,15] (335,458)
[15,15] (481,552)
[15,15] (630,620)
[1264,1264] (51,79)
[11,2642] (335,25)
[21,21] (33,64)
[21,21] (181,358)
[21,21] (332,347)
[21,21] (483,178)
[21,21] (634,697)
[54,54] (42,499)
[54,54] (214,294)
[54,54] (386,117)
[54,54] (563,13)
[66,66] (5,7)
[66,66] (313,164)
[139,128] (97,225)
[47,699] (118,71)
[47,699] (637,81)
[69,85] (2,256)
[69,85] (203,52)
[274,274] (234,116)
[39,39] (36,346)
[39,39] (219,206)
[39,39] (399,259)
[39,39] (579,2)
[416,416] (269,173)
[140,140] (27,93)
[137,137] (127,8)
[53,55] (165,3)
[53,55] (718,159)
[258,38] (230,5)
[26,4719] (73,77)
[240,347] (271,49)
[111,111] (142,26)
[98,98] (78,303)
[98,98] (320,13)
[55,53] (77,503)
[516,516] (125,117)
[179,179] (286,280)
[70,70] (260,341)
[5201,5201] (70,32)
[144,144] (209,357)
[251,251] (103,58)
[77,77] (58,426)
[77,77] (281,358)
[246,32] (13,83)
[246,32] (134,579)
[246,32] (261,141)
[455,455] (50,216)
[455,455] (312,175)
[30,30] (50,1006)
[30,30] (138,633)
[30,30] (223,51)
[30,30] (309,1078)
[30,30] (396,1208)
[30,30] (484,1103)
[30,30] (574,888)
[30,30] (662,481)
[30,30] (750,411)
[30,30] (839,687)
[30,30] (930,1159)
[30,30] (1021,354)
[30,30] (1109,435)
[30,30] (1200,1155)
[79,79] (84,125)
[79,79] (335,406)
[50,50] (82,454)
[50,50] (222,597)
[50,50] (366,233)
[50,50] (509,433)
[50,50] (655,567)
[52,52] (103,335)
[1346,1346] (9,37)
[1474,1474] (107,55)
[648,648] (9,140)
[118,118] (140,35)
[89,89] (103,57)
[12139,388] (23,122)
[3396,3396] (13,5)
[1304,143] (60,130)
[609,1960] (78,52)
[897,897] (61,13)
[5090,5090] (8,75)
[44,44] (187,448)
[44,44] (385,222)
[3628,3628] (85,32)
[65,65] (103,119)
[65,65] (227,72)
[65,65] (351,712)
[65,65] (478,401)
[65,65] (610,645)
[65,65] (741,502)
[1084,1084] (88,166)
[27,27] (141,388)
[27,27] (340,282)
[27,27] (546,520)
[493,493] (292,275)
[699,47] (69,524)
[699,47] (168,194)
[128,139] (231,101)
[207,207] (86,254)
[2051,2051] (190,121)
[190,190] (1,175)
[49,49] (40,324)
[49,49] (178,529)
[49,49] (318,235)
[49,49] (458,125)
[49,49] (602,376)
[49,49] (753,106)
[75,75] (66,1230)
[75,75] (153,168)
[75,75] (240,364)
[75,75] (327,540)
[75,75] (415,682)
[75,75] (501,489)
[75,75] (587,519)
[75,75] (674,908)
[75,75] (762,396)
[75,75] (850,1112)
[75,75] (941,151)
[75,75] (1031,464)
[75,75] (1123,1184)
[75,75] (1217,1069)
[218,218] (235,176)
[425,409] (70,23)
[82,82] (153,194)
[1316,1316] (43,44)
[14993,815483] (16,2)
[57,633] (177,98)
[176,176] (195,61)
[219,219] (18,185)
[303,303] (35,90)
[888,888] (7,127)
[183,183] (187,140)
[299,299] (276,283)
[171,171] (237,15)
[94,94] (125,320)
[472,472] (20,127)
[255,255] (22,57)
[51584,51584] (11,15)
[115,115] (173,64)
[193,193] (85,227)
[193,193] (364,153)
[232,232] (181,179)
[204,204] (16,59)
[223,223] (195,203)
[1057,1057] (185,267)
[670,670] (10,58)
[600,600] (147,151)
[17518,17518] (9,8)
[211,211] (147,203)
[174,174] (178,68)
[200,200] (101,53)
[2289,2289] (42,60)
[186,186] (135,144)
[186,186] (270,328)
[186,186] (410,694)
[186,186] (556,142)
[186,186] (699,521)
[2293,2293] (43,33)
[3597,3597] (40,58)
[2640,1298] (2,29)
[444,444] (114,156)
[1717,45] (96,197)
[433,433] (197,157)
[149,149] (203,258)
[902,902] (96,94)
[73,73] (90,341)
[2205,2205] (74,72)
[1706,1706] (81,2)
[25,25] (47,33)
[25,25] (201,577)
[25,25] (357,617)
[25,25] (517,268)
[25,25] (678,504)
[482,482] (125,123)
[68,68] (1,37)
[68,68] (157,268)
[68,68] (315,79)
[68,68] (486,421)
[68,68] (653,339)
[952,952] (106,30)
[399,399] (58,63)
[154,154] (8,69)
[2253,2253] (60,76)
[242,242] (73,159)
[242,242] (315,266)
[306,107] (84,198)
[2062,2062] (29,76)
[78,78] (124,63)
[42,33803] (89,3)
[106,106] (63,96)
[106,106] (304,421)
[2516,2516] (21,35)
[1866,1866] (46,53)
[2643,2643] (34,15)
[1441,1441] (115,103)
[195,195] (240,211)
[382,382] (28,365)
[382,382] (338,167)
[497,497] (154,108)
[9291,9291] (23,19)
[10112,10112] (4,2)
[249,249] (245,286)
[95,95] (91,343)
[95,95] (332,2)
[506,506] (179,167)
[209,209] (94,106)
[64,64] (30,534)
[64,64] (189,31)
[64,64] (349,513)
[64,64] (513,378)
[64,64] (683,462)
[949,949] (29,33)
[2184,2184] (49,43)
[577,577] (52,274)
[1035,1035] (118,117)
[254,254] (22,109)
[1801,1801] (38,44)
[2368,2368] (41,86)
[73942,73942] (14,15)
[2003,2003] (33,10)
[687,687] (126,171)
[1430,1430] (13,66)
[816,188] (123,158)
[112,112] (231,111)
[1342,1342] (40,107)
[665,665] (183,142)
[270,270] (183,222)
[734,734] (192,15)
[532,532] (158,7)
[5999,5999] (62,60)
[3264,3264] (90,51)
[780,780] (126,189)
[13492,13492] (27,23)
[2996,2996] (7,16)
[150,150] (247,100)
[770,770] (96,67)
[537,537] (170,157)
[1047,1047] (97,110)
[9488,9488] (17,19)
[74,74] (232,7)
[74,74] (471,391)
[2194,2194] (65,1)
[197,197] (50,68)
[197,197] (331,160)
[86,86] (195,180)
[680,680] (136,77)
[405,405] (161,52)
[421,421] (55,97)
[534,534] (248,111)
[402,402] (65,23)
[2408,2408] (9,23)
[669,669] (49,113)
[288,288] (21,162)
[825,825] (127,121)
[4534,4534] (88,98)
[5648,5648] (10,45)
[738,738] (113,92)
[5787,5787] (4,28)
[918,918] (47,4)
[12813,12813] (31,13)
[6939,6939] (7,25)
[1225,1225] (91,38)
[16198,16198] (13,28)
[192,192] (170,143)
[3052,3052] (74,78)
[6280,6280] (1,17)
[37417,37417] (16,6)
[471,471] (39,8)
[2826,2826] (57,72)
[6289,6289] (12,22)
[2252,2252] (50,151)
[1860,1860] (13,11)
[992,992] (184,102)
[438,438] (165,79)
[970,970] (149,45)
[10578,10578] (10,3)
[679,679] (96,37)
[1534,1534] (134,100)
[1115,1115] (152,123)
[3582,3582] (1,3)
[545,545] (30,5)
[181,181] (260,254)
[18,1000] (79,5)
[9540,9540] (0,16)
[7344,7344] (50,60)
[1087,1087] (95,149)
[31,31] (293,58)
[841,841] (78,59)
[362,362] (158,319)
[1493,1493] (83,130)
[2470,2470] (1,16)
[1363,1363] (113,110)
[203,203] (126,13)
[2731,2731] (6,16)
[424,424] (65,0)
[521,521] (66,14)
[1086,1086] (52,34)
[9866,9866] (8,4)
[3016,3016] (40,40)
[108156,108156] (6,6)
[3579,3579] (43,20)
[390,390] (8,18)
[159,159] (134,326)
[11420,11420] (23,26)
[2536,2536] (23,4)
[8856,8856] (52,35)
[132,132] (241,393)
[8166,46] (17,518)
[1622,1622] (78,21)
[527,527] (160,155)
[216,216] (148,160)
[17337,86257] (15,1)
[13756,13756] (18,36)
[2709,2709] (0,69)
[461,461] (26,120)
[20422,20422] (20,1)
[2857,2857] (60,43)
[1303,1303] (17,7)
[47010,47010] (17,13)
[14924,14924] (4,18)
[226629,226629] (11,8)
[238,238] (108,242)
[1236,1236] (56,93)
[6998,6998] (35,11)
[3261,3261] (82,22)
[891,891] (61,39)
[963,963] (25,90)
[1185,1185] (143,138)
[419,419] (158,117)
[419,419] (477,185)
[1148,1148] (99,211)
[8900,8900] (63,65)
[72810,72810] (4,0)
[2120,2120] (46,53)
[14485,14485] (23,30)
[38173,38173] (15,6)
[1027,1027] (86,76)
[3832,3832] (7,66)
[2952,2952] (8,41)
[160,116] (147,304)
[11715,11715] (26,30)
[67,32543] (22,16)
[1995,1995] (23,1)
[1743,1743] (11,14)
[22692,22692] (0,35)
[4959,4959] (1,15)
[10338,10338] (11,33)
[6764,6764] (27,1)
[2743,2743] (35,23)
[2864,2864] (6,31)
[3284,3284] (8,38)
[320,320] (167,8)
[2232,2232] (10,1)
[17347,17347] (15,23)
[2283,2283] (55,124)
[191,191] (19,1)
[919,919] (116,87)
[2758,2758] (42,14)
[24136,24136] (26,9)
[1431,1431] (16,95)
[1526,1526] (24,127)
[587,587] (149,94)
[4890,4890] (5,19)
[151,151] (65,83)
[18499,18499] (3,6)
[9196,9196] (46,28)
[404,404] (97,38)
[553,553] (152,96)
[722,722] (83,26)
[5669,5669] (18,38)
[1602,1602] (25,27)
[108142,108142] (9,7)
[7683,7683] (11,18)
[7010,7010] (39,19)
[1091,1091] (21,12)
[1957,1957] (37,72)
[8228,8228] (1,28)
[43549,43549] (13,5)
[5757,5757] (35,79)
[13461,13461] (4,27)
[221,221] (57,19)
[21809,21809] (29,40)
[9248,9248] (25,30)
[266,266] (101,255)
[323,323] (143,144)
[9533,9533] (0,10)
[948,948] (164,44)
[2833,2833] (103,86)
[457,457] (198,176)
[608,608] (3,211)
[17388,17388] (33,34)
[630,630] (42,93)
[119721,119721] (6,9)
[380,380] (105,108)
[107932,107932] (7,10)
[13172,13172] (7,0)
[1387,1387] (10,6)
[257,257] (294,9)
[4439,4439] (44,36)
[15717,15717] (13,6)
[695,695] (14,89)
[5925,5925] (21,48)
[422,422] (154,157)
[791,0] (46,275)
[123748,123748] (14,9)
[26720,26720] (7,9)
[141,141] (39,150)
[3649,3649] (16,26)
[3147,3147] (77,50)
[24816,24816] (11,28)
[2813,2813] (38,2)
[2309,2309] (49,69)
[10784,10784] (44,4)
[17906,17906] (19,23)
[121146,121146] (0,7)
[39990,39990] (18,3)
[50467,50467] (9,3)
[16087,16087] (5,21)
[9333,9333] (6,4)
[3784,3784] (92,23)
[41649,41649] (10,9)
[319,319] (144,199)
[14604,14604] (9,30)
[46452,46452] (24,1)
[348,348] (273,334)
[2111,2111] (58,33)
[18339,18339] (0,10)
[20061,20061] (23,18)
[14540,14540] (2,5)
[117191,117191] (9,3)
[12990,12990] (10,21)
[1362,1362] (43,21)
[29724,29724] (20,21)
[12728,12728] (5,10)
[59994,59994] (6,19)
[36043,36043] (5,10)
[36573,36573] (3,10)
[44936,44936] (14,0)
[24972,24972] (16,10)
[7039,7039] (30,32)
[89672,89672] (11,3)
[198,198] (93,88)
[4189,4189] (49,35)
[731,731] (200,27)
[109936,109936] (7,12)
[588476,588476] (1,2)
[225078,225078] (0,1)
[34838,34838] (1,8)
[12612,12612] (11,21)
[4091,4091] (43,17)
[15310,15310] (21,12)
[3588,3588] (80,36)
[7703,7703] (22,4)
[5296,5296] (34,12)
[7578,7578] (8,32)
[188848,188848] (2,5)
[196572,196572] (2,0)
[12964,12964] (6,29)
[2363,2363] (27,66)
[27557,27557] (5,6)
[544,544] (192,24)
[1617,1617] (34,34)
[21329,21329] (33,4)
[389884,389884] (1,0)
[646697,646697] (4,2)
[14231,14231] (5,40)
[38858,38858] (17,37)
[4925,4925] (1,4)
[44122,44122] (4,13)
[747,747] (147,15)
[201507,201507] (7,12)
[1797,1797] (11,1)
[4596,4596] (15,39)
[60213,60213] (11,26)
[67677,67677] (13,2)
[33701,33701] (1,5)
[396,396] (37,52)
[575,575] (90,221)
[39551,39551] (19,2)
[47050,47050] (5,11)
[21080,21080] (13,18)
[97447,97447] (4,1)
[43241,43241] (4,1)
[27015,27015] (12,0)
[96161,96161] (15,9)
[106551,106551] (9,12)
[6057,6057] (0,21)
[40724,40724] (13,4)
[5842,5842] (29,1)
[83552,83552] (1,12)
[275779,275779] (0,0)
[30770,30770] (4,19)
[237437,237437] (5,4)
[974,974] (140,10)
[9827,9827] (6,1)
[930426,930426] (1,0)
[352401,352401] (0,4)
[43515,43515] (17,27)
[47569,47569] (6,0)
[443822,443822] (1,5)
[858820,858820] (1,4)
[6806,6806] (3,7)
[341365,341365] (2,3)
[350937,350937] (0,0)
ExpandOnce: 
----------RESULT----------
ExpandWhenStuck results for N = 1000000; s = 1; nb_seed = 100
	common nodes count G1 and G2 = 1000000
	matched = 999307
	correct matches = 997809	 wrong matches = 1498
	recall = 0.997809
	precision = 0.997809
	F1-score = 0.997809
	precision (correct+wrong) = 1499
	F1-score (correct+wrong) = 1.99429
