Start read graph: /home/ildar/projects/GraphMatching/data/rg_barabasi_albert.txt
n = 1000000
Graph created
N = 1000000
E = 1.04174e+06
p = 2.08349e-06
THEOREM 1:
	n^(-1) << p <= n^(-5/6 - e) 	e = 0.001	[1/6 > e > 0]
	1e-06 << p <= 9.86279e-06 (OK)
pt = 1
ps = 1
r = 2
a_c = 115182: initial seed set.
------------------------------------
Generate G1
	generate subgraph
	V_count = 1000000
Generate G2
	generate subgraph
	V_count = 1000000
same = 1000000;  N * pt * pt = 1e+06
START algorithm time: Mon Nov 30 13:42:54 2015
Noisy seeds are generated:
	before = 21; with generated = 1200
Start percolation matching
M <- A_0 and Z <- A_0
while M \ Z != None do
[14,53] (139,386)
[14,53] (279,33)
[14,53] (418,293)
[14,53] (558,155)
[14,53] (698,177)
[14,53] (839,354)
[14,53] (979,110)
[14,53] (1119,650)
[14,53] (1260,691)
[14,53] (1401,9)
[14,53] (1541,50)
[14,53] (1681,91)
[15,15] (17,240)
[15,15] (158,409)
[15,15] (298,676)
[15,15] (440,418)
[15,15] (582,531)
[15458,21] (2,404)
[5,3] (54,1541)
[5,3] (109,1001)
[5,3] (165,248)
[5,3] (220,1306)
[5,3] (276,463)
[5,3] (331,85)
[5,3] (386,558)
[5,3] (441,235)
[5,3] (495,1747)
[5,3] (550,1426)
[5,3] (606,396)
[5,3] (662,508)
[5,3] (718,542)
[5,3] (773,497)
[5,3] (829,1413)
[5,3] (884,1424)
[5,3] (939,1435)
[5,3] (994,1446)
[5,3] (1051,1454)
[5,3] (1107,548)
[5,3] (1162,669)
[5,3] (1217,1635)
[5,3] (1273,679)
[5,3] (1329,654)
[5,3] (1384,946)
[5,3] (1440,1236)
[5,3] (1495,1523)
[5,3] (1550,1810)
[5,3] (1606,266)
[5,3] (1661,1365)
[5,3] (1718,211)
[5,3] (1773,613)
[5,3] (1828,1242)
[5,3] (1883,1824)
[5,3] (1939,549)
[3,45] (84,163)
[3,45] (385,225)
[3,45] (687,57)
[3,45] (985,232)
[3,45] (1284,64)
[3,45] (1584,240)
[45,447] (115,29)
[22,911] (855,11)
[89,128] (90,210)
[233,1100] (174,4)
[21,89] (19,124)
[21,89] (290,11)
[21,89] (561,112)
[6,157] (371,28)
[6,157] (1236,37)
[6,157] (2102,46)
[29,29] (64,981)
[29,29] (145,1088)
[29,29] (227,366)
[29,29] (308,1165)
[29,29] (389,642)
[29,29] (471,43)
[29,29] (553,1191)
[29,29] (634,913)
[29,29] (716,391)
[29,29] (798,1061)
[29,29] (879,1190)
[29,29] (961,68)
[29,29] (1043,200)
[29,29] (1124,832)
[29,29] (1206,1126)
[26,26] (49,491)
[26,26] (174,185)
[26,26] (300,453)
[26,26] (423,578)
[26,26] (549,444)
[26,26] (675,245)
[26,26] (800,404)
[9,9] (72,495)
[9,9] (162,286)
[9,9] (250,982)
[9,9] (339,266)
[9,9] (431,229)
[9,9] (520,383)
[9,9] (611,136)
[9,9] (699,1109)
[9,9] (790,1062)
[9,9] (879,1024)
[9,9] (968,989)
[9,9] (1057,954)
[2676,5] (0,947)
[1217,1043] (8,133)
[50,75] (8,1211)
[50,75] (90,852)
[50,75] (172,958)
[50,75] (254,415)
[50,75] (335,299)
[50,75] (416,184)
[50,75] (497,69)
[50,75] (579,304)
[50,75] (660,398)
[50,75] (743,49)
[10,10] (129,721)
[10,10] (275,150)
[10,10] (419,234)
[10,10] (565,199)
[10,10] (709,152)
[2,39] (125,292)
[2,39] (296,554)
[2,39] (471,393)
[2,39] (646,235)
[2,39] (818,480)
[2,39] (994,494)
[2,39] (1168,325)
[17,32] (31,252)
[17,32] (156,310)
[47,47] (19,458)
[47,47] (120,577)
[47,47] (218,349)
[47,47] (317,910)
[47,47] (415,392)
[47,47] (513,710)
[47,47] (611,469)
[47,47] (711,23)
[47,47] (810,713)
[47,47] (908,351)
[47,47] (1005,1036)
[8110,28] (45,1)
[12,677] (488,8)
[3073,461] (68,31)
[34949,35] (3,390)
[57,57] (265,303)
[3855,14] (6,1537)
[221,221] (160,108)
[30,30] (41,555)
[30,30] (125,1124)
[30,30] (209,1091)
[30,30] (294,205)
[30,30] (377,375)
[30,30] (461,635)
[30,30] (545,231)
[30,30] (628,788)
[30,30] (712,40)
[30,30] (795,130)
[30,30] (879,779)
[30,30] (964,204)
[30,30] (1047,596)
[30,30] (1132,732)
[30,30] (1216,1)
[3628,248] (163,13)
[53,107] (238,9)
[53,107] (570,123)
[135,1244] (171,99)
[306,130] (253,244)
[3401,64] (2,674)
END algorithm time: Mon Nov 30 13:44:52 2015
expandOnce: 
----------RESULT----------
expandOnce results for N = 1000000; s = 1; nb_seed = 21
	common nodes count G1 and G2 = 1000000
	matched = 281
	correct matches = 79	 wrong matches = 202
	recall = 7.9e-05
	precision = 0.281139
	F1-score = 0.000157956
