Start read graph: /home/ildar/projects/GraphMatching/data/rg_barabasi_albert.txt
n = 1000000
Graph created
N = 1000000
E = 2.99999e+06
p = 5.99999e-06
THEOREM 1:
	n^(-1) << p <= n^(-5/6 - e) 	e = 0.001	[1/6 > e > 0]
	1e-06 << p <= 9.86279e-06 (OK)
pt = 1
ps = 1
r = 2
a_c = 13888.9: initial seed set.
------------------------------------
Generate G1
	generate subgraph
	V_count = 1000000
Generate G2
	generate subgraph
	V_count = 1000000
same = 1000000;  N * pt * pt = 1e+06
START algorithm time: Mon Nov 30 13:43:20 2015
Noisy seeds are generated:
	before = 31; with generated = 600
Start percolation matching
M <- A_0 and Z <- A_0
while M \ Z != None do
[32,32] (121,379)
[32,32] (242,312)
[32,32] (364,246)
[32,32] (485,180)
[32,32] (606,114)
[32,32] (727,47)
[16,16] (11,248)
[16,16] (87,543)
[16,16] (162,1097)
[16,16] (238,245)
[16,16] (313,721)
[16,16] (389,828)
[16,16] (465,51)
[16,16] (540,604)
[16,16] (615,1156)
[16,16] (691,1277)
[16,16] (767,1262)
[16,16] (843,636)
[16,16] (920,10)
[16,16] (995,715)
[16,16] (1071,88)
[16,16] (1146,793)
[16,16] (1222,167)
[16,16] (1298,533)
[14,448] (357,3)
[14,448] (971,85)
[14,448] (1588,131)
[51,14] (37,891)
[51,14] (94,1161)
[51,14] (150,640)
[13,13] (52,73)
[13,13] (177,575)
[13,13] (304,714)
[13,13] (431,47)
[13,13] (557,4)
[13,13] (683,412)
[3,17384] (347,34)
[948,4] (17,2196)
[948,4] (54,1611)
[948,4] (90,1027)
[948,4] (126,444)
[948,4] (162,2658)
[30,30] (44,1216)
[30,30] (127,637)
[30,30] (209,187)
[30,30] (291,965)
[30,30] (373,1100)
[30,30] (456,582)
[30,30] (538,1128)
[30,30] (620,925)
[30,30] (702,721)
[30,30] (785,584)
[30,30] (867,691)
[30,30] (950,102)
[30,30] (1033,145)
[30,30] (1115,555)
[30,30] (1197,682)
[33,33] (53,389)
[33,33] (214,546)
[33,33] (379,405)
[33,33] (543,37)
[10,10] (52,633)
[10,10] (191,493)
[10,10] (332,209)
[10,10] (474,479)
[10,10] (615,590)
[5,597] (292,3)
[5,597] (1881,44)
[78,78] (253,76)
[98,98] (128,418)
[98,98] (364,202)
[4,37] (198,1)
[4,37] (1419,42)
[4,37] (2657,8)
[2,294] (766,9)
[3535,9] (6,401)
END algorithm time: Mon Nov 30 13:43:52 2015
expandOnce: 
----------RESULT----------
expandOnce results for N = 1000000; s = 1; nb_seed = 31
	common nodes count G1 and G2 = 1000000
	matched = 176
	correct matches = 83	 wrong matches = 93
	recall = 8.3e-05
	precision = 0.471591
	F1-score = 0.000165971
