Start read graph
n = 1000000
Graph created
N = 1000000
E = 2.99999e+06
p = 5.99999e-06
THEOREM 1:
	n^(-1) << p <= n^(-5/6 - e) 	e = 0.001	[1/6 > e > 0]
	1e-06 << p <= 9.86279e-06 (OK)
pt = 1
ps = 1
r = 2
a_c = 13888.9: initial seed set.
------------------------------------
Generate G1
	generate subgraph
	V_count = 1000000
Generate G2
	generate subgraph
	V_count = 1000000
same = 1000000;  N * pt * pt = 1e+06
Noisy seeds are generated:
	before = 30; with generated = 13500
Start percolation matching
M <- A_0 and Z <- A_0
while M \ Z != None do
[75,15] (133,217)
[75,15] (274,540)
[75,15] (419,120)
[75,15] (559,590)
[75,15] (701,336)
[75,15] (843,595)
[75,15] (986,241)
[75,15] (1128,587)
[8,8] (5,752)
[8,8] (118,538)
[8,8] (230,193)
[8,8] (344,666)
[8,8] (456,433)
[8,8] (567,794)
[8,8] (679,320)
[8,8] (794,853)
[8,8] (907,638)
[3783,5] (53,274)
[5,232] (206,375)
[5,232] (451,246)
[5,232] (693,301)
[5,232] (942,252)
[5,232] (1193,4)
[5,232] (1443,278)
[5,232] (1695,24)
[5,232] (1947,238)
[68,6] (43,987)
[68,6] (87,1776)
[68,6] (132,284)
[68,6] (180,1793)
[68,6] (226,1403)
[68,6] (273,92)
[68,6] (318,1234)
[68,6] (363,11)
[68,6] (409,522)
[68,6] (455,458)
[68,6] (502,462)
[68,6] (548,1707)
[68,6] (596,1093)
[68,6] (641,312)
[68,6] (685,1692)
[68,6] (733,144)
[12,142] (575,29)
[12,142] (1253,81)
[2139,11] (114,666)
[0,138] (219,167)
[0,138] (601,107)
[823,2] (2,600)
[657,56] (33,316)
[14,29] (12,1020)
[14,29] (96,93)
[14,29] (180,900)
[14,29] (265,942)
[14,29] (349,1129)
[14,29] (432,344)
[14,29] (515,1030)
[14,29] (600,54)
[14,29] (684,163)
[14,29] (768,426)
[14,29] (853,186)
[14,29] (939,553)
[14,29] (1024,538)
[14,29] (1108,23)
[14,29] (1194,140)
[14,29] (1280,989)
[14,29] (1367,1210)
[14,29] (1452,874)
[14,29] (1538,1032)
[14,29] (1622,1162)
[14,29] (1709,724)
[14,29] (1795,943)
[3,14] (37,1400)
[3,14] (96,800)
[3,14] (155,1048)
[3,14] (213,1304)
[3,14] (270,519)
[3,14] (327,366)
[3,14] (384,1281)
[3,14] (443,261)
[3,14] (499,1500)
[3,14] (557,1030)
[3,14] (617,1675)
[3,14] (674,1173)
[3,14] (733,390)
[3,14] (790,6)
[3,14] (847,207)
[3,14] (903,1684)
[3,14] (962,357)
[3,14] (1019,1686)
[3,14] (1078,1535)
[3,14] (1137,317)
[3,14] (1194,224)
[3,14] (1251,1421)
[3,14] (1309,272)
[3,14] (1371,385)
[3,14] (1430,699)
[3,14] (1490,1612)
[3,14] (1550,242)
[3,14] (1608,1535)
[3,14] (1666,224)
[3,14] (1725,1122)
[3,14] (1783,204)
[1043,60] (39,262)
[17766,47] (4,790)
[258,258] (82,86)
[42,1185] (217,174)
[5288,93] (0,250)
[13,2378] (486,2)
[50,25] (5,624)
[50,25] (148,278)
[50,25] (293,294)
[50,25] (436,231)
[50,25] (578,426)
[50,25] (723,53)
[135876,75] (6,608)
[816,1346] (113,2)
[74,426] (286,65)
[252,534] (171,173)
[226,15731] (130,26)
[54,785] (312,126)
[3868,38] (66,158)
[1207,702] (96,66)
[116,17] (219,109)
[91,231] (6,79)
ExpandOnce: 
----------RESULT----------
ExpandWhenStuck results for N = 1000000; s = 1; nb_seed = 30
	common nodes count G1 and G2 = 1000000
	matched = 2997
	correct matches = 109	 wrong matches = 2888
	recall = 0.000109
	precision = 0.000109
	F1-score = 0.000109
	precision (correct+wrong) = 2889
	F1-score (correct+wrong) = 0.000218
