Start read graph
n = 1000000
Graph created
N = 1000000
E = 2.99999e+06
p = 5.99999e-06
THEOREM 1:
	n^(-1) << p <= n^(-5/6 - e) 	e = 0.001	[1/6 > e > 0]
	1e-06 << p <= 9.86279e-06 (OK)
pt = 1
ps = 1
r = 2
a_c = 13888.9: initial seed set.
------------------------------------
Generate G1
	generate subgraph
	V_count = 1000000
Generate G2
	generate subgraph
	V_count = 1000000
same = 1000000;  N * pt * pt = 1e+06
Noisy seeds are generated:
	before = 30; with generated = 11500
Start percolation matching
M <- A_0 and Z <- A_0
while M \ Z != None do
[75,16] (76,920)
[75,16] (153,828)
[75,16] (229,737)
[75,16] (307,728)
[75,16] (384,59)
[75,16] (461,946)
[75,16] (539,1160)
[75,16] (616,614)
[75,16] (693,466)
[75,16] (770,1070)
[75,16] (849,263)
[75,16] (926,792)
[75,16] (1004,717)
[75,16] (1080,1316)
[75,16] (1157,592)
[75,16] (1234,575)
[14,348] (200,420)
[14,348] (432,431)
[14,348] (666,238)
[14,348] (899,416)
[14,348] (1131,189)
[14,348] (1364,204)
[14,348] (1599,69)
[20354,3] (0,1422)
[463,9] (73,188)
[463,9] (163,1038)
[463,9] (254,979)
[8825,143] (28,128)
[2,2] (77,498)
[2,2] (159,371)
[2,2] (242,1034)
[2,2] (324,830)
[2,2] (410,426)
[2,2] (492,470)
[2,2] (574,514)
[2,2] (659,1186)
[2,2] (743,752)
[2,2] (826,989)
[2,2] (910,448)
[2,2] (992,993)
[2,2] (1075,627)
[2,2] (1158,450)
[2,2] (1241,1168)
[174,26] (118,773)
[183,382] (95,238)
[15731,5] (29,647)
[8,458] (549,25)
[278,29] (28,998)
[278,29] (112,698)
[278,29] (194,183)
[278,29] (275,999)
[278,29] (356,1013)
[16,936] (162,46)
[16,936] (747,53)
[16,936] (1329,60)
[64,557] (617,28)
[12,1085] (372,8)
[12,1085] (994,20)
[160,408] (14,16)
[12181,81185] (26,6)
[9033,6] (47,84)
[81,47] (43,212)
[81,47] (141,463)
[81,47] (241,359)
[81,47] (338,800)
[81,47] (439,304)
[81,47] (536,845)
[81,47] (634,681)
[240,240] (60,393)
[240,240] (293,342)
[699,53] (29,333)
[699,53] (172,296)
[42,42] (68,96)
[980,14] (2,83)
[980,14] (58,124)
[980,14] (115,441)
[980,14] (174,30)
[980,14] (230,1698)
[56,60] (39,124)
[56,60] (333,1)
[56,60] (629,195)
[53,2851] (481,62)
[223,184] (46,189)
ExpandOnce: 
----------RESULT----------
ExpandWhenStuck results for N = 1000000; s = 1; nb_seed = 30
	common nodes count G1 and G2 = 1000000
	matched = 2615
	correct matches = 110	 wrong matches = 2505
	recall = 0.00011
	precision = 0.00011
	F1-score = 0.00011
	precision (correct+wrong) = 2506
	F1-score (correct+wrong) = 0.00022
