Start read graph
n = 1000000
Graph created
N = 1000000
E = 2e+07
p = 4e-05
THEOREM 1:
	n^(-1) << p <= n^(-5/6 - e) 	e = 0.001	[1/6 > e > 0]
	1e-06 << p <= 9.86279e-06 (FALSE)
pt = 1
ps = 1
r = 2
a_c = 312.499: initial seed set.
------------------------------------
Generate G1
	generate subgraph
	V_count = 1000000
Generate G2
	generate subgraph
	V_count = 1000000
same = 1000000;  N * pt * pt = 1e+06
Noisy seeds are generated:
	before = 40; with generated = 200
Start percolation matching
M <- A_0 and Z <- A_0
while M \ Z != None do
[253996,253988] (34,10)
[652351,652330] (23,18)
[652298,652267] (10,6)
[750738,751034] (29,7)
[934639,934638] (32,17)
Correct: 42 Wrong: 1958
[934726,934716] (18,28)
[652545,652555] (2,25)
[652593,652564] (34,12)
[379217,379216] (30,28)
[494068,494073] (27,3)
[379431,379423] (17,11)
[934236,934226] (20,38)
Correct: 72 Wrong: 3928
[751265,750529] (4,11)
[746319,746354] (37,33)
[652742,652724] (41,8)
[494219,494228] (3,32)
[750398,751375] (27,15)
[494251,494275] (26,41)
[935001,935003] (7,16)
Correct: 117 Wrong: 5883
[746261,746277] (33,34)
[651772,651775] (25,18)
[750357,751429] (4,27)
[746210,746205] (4,16)
[378740,378728] (19,1)
[652864,652842] (15,29)
[934014,934009] (19,13)
Correct: 166 Wrong: 7834
[935047,935034] (9,25)
[653043,653037] (7,25)
[933931,933932] (4,14)
[379838,379854] (1,31)
[378576,378569] (16,9)
[493031,493040] (32,11)
[750071,751694] (14,34)
Correct: 207 Wrong: 9793
[750099,751649] (4,21)
[935397,935405] (22,29)
[750041,751735] (29,2)
[379903,379898] (24,21)
[107077,106990] (15,28)
[106978,107087] (22,11)
[107104,106953] (13,8)
Correct: 268 Wrong: 11732
[653338,653307] (35,28)
[745883,745876] (23,33)
[653416,653404] (4,21)
[648187,647441] (36,4)
[485313,485411] (27,29)
[378417,378407] (29,30)
Correct: 312 Wrong: 13688
[653480,653468] (28,25)
[746792,746793] (52,18)
[935544,935544] (1,7)
[380242,380240] (31,23)
[106809,107263] (28,15)
[749815,751966] (17,5)
[746906,746922] (26,23)
Correct: 366 Wrong: 15634
[255225,252904] (15,34)
[255233,252868] (10,24)
[648408,647213] (16,6)
[651166,651171] (16,11)
[485742,484963] (20,10)
[332952,332945] (42,32)
[485795,484920] (24,15)
Correct: 422 Wrong: 17578
[647264,648366] (29,27)
[255340,252766] (31,4)
[935701,935691] (28,0)
[492569,492583] (10,10)
[332972,332979] (20,16)
[745567,745574] (18,27)
Correct: 473 Wrong: 19527
[357400,357403] (10,37)
[935743,935734] (29,29)
[653793,653774] (7,0)
[648563,647065] (15,28)
[332794,332778] (35,48)
[556113,556003] (28,3)
[749456,752330] (32,7)
Correct: 534 Wrong: 21466
[492513,492523] (23,12)
[556043,556088] (12,18)
[935706,935715] (28,9)
[747219,747228] (33,12)
[332873,332859] (35,1)
[556027,556099] (0,31)
Correct: 635 Wrong: 23365
[107521,106557] (4,20)
[516927,516927] (20,17)
[19629,19634] (27,9)
[255506,252591] (5,35)
[935908,935907] (32,18)
[886728,886728] (16,12)
Correct: 707 Wrong: 25293
[655141,655090] (42,37)
[110273,110261] (41,17)
[333297,333275] (8,0)
[165735,165731] (38,41)
[836659,836661] (11,19)
[106470,107612] (17,19)
[193961,193970] (27,14)
Correct: 809 Wrong: 27191
[829500,829448] (1,35)
[495275,495284] (27,25)
[486008,484684] (31,24)
[836652,836650] (32,21)
[745366,745368] (35,29)
[357089,357080] (0,41)
Correct: 923 Wrong: 29077
[194324,194307] (13,37)
[668073,668073] (17,5)
[484718,485965] (18,3)
[53191,53217] (7,32)
[237679,237679] (4,9)
[473985,473992] (30,23)
Correct: 1026 Wrong: 30974
[806852,806812] (18,20)
[289045,289052] (32,11)
[165472,165479] (12,34)
[194290,194297] (21,8)
[598041,598041] (3,30)
[347783,347765] (18,33)
Correct: 1133 Wrong: 32867
[272902,272159] (27,7)
[859014,859004] (32,30)
[747414,747418] (35,37)
[995611,995352] (28,13)
[788050,788090] (15,19)
[193866,193877] (20,33)
Correct: 1226 Wrong: 34774
[53141,53264] (19,19)
[83367,83367] (31,4)
[547601,547601] (9,8)
[53096,53318] (25,9)
[333449,333440] (17,7)
[380866,380865] (36,31)
Correct: 1347 Wrong: 36653
[53283,53155] (22,1)
[713624,713699] (23,25)
[559412,559424] (27,2)
[165382,165382] (9,10)
[432263,432263] (18,22)
[289664,289664] (30,18)
Correct: 1477 Wrong: 38523
[646889,648749] (8,18)
[288947,288943] (9,8)
[979790,719006] (8,35)
[332549,332545] (4,41)
[519459,519459] (26,35)
[74973,74962] (24,1)
Correct: 1622 Wrong: 40378
[19818,19811] (18,36)
[806622,807025] (30,0)
[663081,663081] (28,29)
[670186,670345] (18,3)
[237807,237801] (10,24)
[806749,806919] (32,17)
Correct: 1777 Wrong: 42223
[791534,791547] (10,21)
[555675,555659] (30,25)
[99942,100238] (32,28)
[791281,791287] (12,13)
[995744,995209] (39,3)
Correct: 1977 Wrong: 44023
[559322,559316] (15,14)
[699380,699383] (30,27)
[495529,495566] (2,16)
[330914,330914] (30,26)
[382288,382301] (13,30)
[216644,170869] (13,14)
Correct: 2140 Wrong: 45860
[829764,829759] (13,37)
[520633,520914] (3,37)
[931773,931713] (1,12)
[231669,231655] (9,2)
[784989,784984] (34,34)
Correct: 2346 Wrong: 47654
[287488,287519] (1,6)
[53005,53399] (18,36)
[380979,380958] (34,15)
[879854,879857] (9,19)
[974590,974590] (17,37)
Correct: 2555 Wrong: 49445
[836899,836916] (1,23)
[474159,474167] (1,10)
[249920,249921] (31,1)
[302131,302274] (27,2)
[138540,194670] (3,26)
Correct: 2779 Wrong: 51221
[56283,56288] (19,36)
[654144,654126] (23,19)
[443398,443398] (28,5)
[56174,56168] (35,0)
[112805,112805] (2,4)
[670367,670165] (38,21)
Correct: 2998 Wrong: 53002
[569257,569311] (9,0)
[715414,715410] (8,5)
[520583,520951] (7,18)
[931800,931700] (12,37)
Correct: 3232 Wrong: 54768
[742166,742160] (5,8)
[198394,198323] (3,18)
[340222,340256] (41,23)
[31352,31352] (39,34)
[193821,193817] (26,30)
Correct: 3443 Wrong: 56557
[879767,879748] (6,25)
[271445,271445] (25,36)
[377062,376981] (0,0)
[312490,312490] (19,26)
[19322,19338] (18,22)
Correct: 3784 Wrong: 58216
[914696,914696] (13,3)
[356760,356759] (33,28)
[995851,995113] (40,25)
[166086,166080] (15,1)
[668299,668277] (15,31)
Correct: 4102 Wrong: 59898
[874670,874970] (26,4)
[417245,417245] (24,5)
[112888,112887] (36,19)
[990435,990439] (0,14)
[597897,597911] (2,36)
Correct: 4389 Wrong: 61611
[638283,638270] (31,13)
[703442,703399] (28,17)
[382460,382468] (27,18)
[171267,171212] (5,1)
[334890,334798] (3,18)
Correct: 4693 Wrong: 63307
[931077,931077] (25,18)
[835964,835959] (14,11)
[79162,79162] (13,13)
[961655,961640] (27,10)
Correct: 5051 Wrong: 64949
[519789,519784] (24,18)
[752780,749006] (20,24)
[83206,83203] (2,20)
[442462,442462] (29,2)
Correct: 5386 Wrong: 66614
[877615,877615] (30,3)
[159345,159461] (16,2)
[879606,879605] (24,27)
[757029,757002] (8,21)
Correct: 5796 Wrong: 68204
[767448,767496] (5,18)
[109894,109909] (27,6)
[559213,559216] (31,24)
[332304,332306] (31,46)
Correct: 6232 Wrong: 69768
[775791,775791] (22,27)
[988226,988227] (16,28)
[68143,68131] (36,25)
[405187,405189] (38,14)
Correct: 6671 Wrong: 71329
[245020,245015] (47,35)
[274766,274886] (11,21)
[26811,26764] (13,13)
[154682,154813] (7,32)
Correct: 7106 Wrong: 72894
[728950,728951] (26,13)
[661221,661221] (12,26)
[833214,833210] (36,27)
[442986,442969] (10,16)
Correct: 7545 Wrong: 74455
[932395,932398] (16,4)
[877625,877638] (2,7)
[376068,376068] (10,32)
[586157,586159] (35,30)
Correct: 7969 Wrong: 76031
[570068,570068] (5,36)
[703688,703688] (29,5)
[369894,369912] (38,23)
[654765,655463] (16,26)
Correct: 8461 Wrong: 77539
[749043,752742] (19,29)
[418826,418826] (20,26)
[738859,738859] (16,20)
Correct: 8891 Wrong: 79109
[7234,7246] (35,29)
[929612,929616] (13,5)
[165116,165138] (14,15)
[277059,277064] (15,30)
Correct: 9393 Wrong: 80607
[426737,426837] (21,24)
[171216,171274] (44,38)
[614425,614494] (30,37)
[911124,911129] (2,25)
Correct: 9849 Wrong: 82151
[519383,519397] (34,5)
[152419,152419] (29,13)
[629974,630169] (13,2)
Correct: 10371 Wrong: 83629
[779294,779377] (30,36)
[948547,948616] (1,16)
[938960,938949] (31,3)
[246909,246903] (7,33)
Correct: 10942 Wrong: 85058
[68391,68403] (25,14)
[864014,863985] (33,9)
[891042,891045] (17,1)
[429309,429301] (39,12)
Correct: 11543 Wrong: 86457
[981467,981433] (11,25)
[437844,437844] (29,15)
[475183,475147] (19,18)
Correct: 12027 Wrong: 87973
[321175,321175] (37,17)
[888800,888834] (5,26)
[159484,159324] (34,8)
[469548,469548] (38,11)
Correct: 12592 Wrong: 89408
[948589,948563] (24,17)
[987902,987896] (23,26)
[34522,34510] (10,37)
Correct: 13193 Wrong: 90807
[914000,913919] (25,37)
[670486,670028] (23,32)
[369194,369196] (15,13)
Correct: 13776 Wrong: 92224
[181512,181512] (15,3)
[896538,896535] (21,9)
[883708,883708] (33,40)
Correct: 14391 Wrong: 93609
[144329,144326] (18,17)
[279608,279608] (23,25)
[991729,991729] (3,6)
[554655,554671] (40,3)
Correct: 14957 Wrong: 95043
[83542,83545] (19,40)
[571414,571414] (37,11)
[158903,158903] (6,38)
Correct: 15588 Wrong: 96412
[273699,273690] (17,24)
[940938,940942] (0,9)
[287009,286979] (19,3)
Correct: 16219 Wrong: 97781
[997180,997175] (1,15)
[990493,990397] (16,0)
[486660,486612] (33,31)
Correct: 16889 Wrong: 99111
[158157,158132] (3,11)
[562579,562581] (16,6)
[482649,482649] (1,20)
Correct: 17538 Wrong: 100462
[949273,949273] (3,4)
[655468,655510] (28,18)
[424895,424895] (3,26)
Correct: 18226 Wrong: 101774
[791697,791702] (5,10)
[448569,448574] (12,30)
[369733,369749] (33,27)
Correct: 18878 Wrong: 103122
[166439,166439] (11,23)
[149523,149523] (20,46)
[625125,625124] (5,20)
Correct: 19582 Wrong: 104418
[683755,683739] (10,31)
[858745,858727] (25,9)
[643812,643812] (4,34)
Correct: 20325 Wrong: 105675
[409568,409568] (23,3)
[176765,176768] (2,37)
[596609,596618] (22,10)
Correct: 21038 Wrong: 106962
[866530,866530] (17,11)
[32977,32977] (38,35)
[912570,912578] (24,35)
Correct: 21771 Wrong: 108229
[398908,398933] (10,30)
[983489,983491] (0,34)
Correct: 22513 Wrong: 109487
[516448,516442] (11,24)
[352848,352848] (12,17)
[220913,220913] (20,30)
Correct: 23285 Wrong: 110715
[454332,454332] (2,10)
[191454,191444] (0,7)
[554562,554565] (6,4)
Correct: 24026 Wrong: 111974
[146861,146861] (6,6)
[406227,406227] (33,10)
[542046,542046] (16,1)
Correct: 24773 Wrong: 113227
[490659,490659] (25,12)
[602532,602531] (18,17)
Correct: 25551 Wrong: 114449
[634218,634214] (31,36)
[957458,957461] (8,11)
[723784,723784] (25,36)
Correct: 26349 Wrong: 115651
[231526,231775] (26,30)
[699581,699581] (23,16)
[805601,805601] (12,9)
Correct: 27190 Wrong: 116810
[124018,124020] (34,4)
[422257,422257] (20,25)
Correct: 28075 Wrong: 117925
[764235,764235] (9,21)
[938521,938521] (26,4)
[65474,65474] (41,1)
Correct: 28925 Wrong: 119075
[819256,819270] (16,41)
[941677,941677] (37,12)
Correct: 29792 Wrong: 120208
[687869,687869] (18,0)
[987864,987871] (2,8)
[779857,779875] (29,12)
Correct: 30725 Wrong: 121275
[226276,226266] (3,17)
[123292,123330] (37,18)
[292075,292086] (20,4)
Correct: 31611 Wrong: 122389
[166805,166806] (15,14)
[459011,459011] (16,15)
Correct: 32452 Wrong: 123548
[439430,439430] (10,29)
[787162,787184] (36,15)
Correct: 33304 Wrong: 124696
[672368,672392] (4,6)
[644685,644689] (9,3)
[490651,490650] (5,9)
Correct: 34163 Wrong: 125837
[174298,174291] (7,24)
[737983,737960] (12,15)
Correct: 35071 Wrong: 126929
[246236,246236] (18,40)
[565374,565374] (38,12)
Correct: 36027 Wrong: 127973
[323823,323811] (6,0)
[547031,547017] (41,0)
[542505,542508] (26,39)
Correct: 36996 Wrong: 129004
[635820,635820] (4,7)
[309640,309656] (15,34)
Correct: 37937 Wrong: 130063
[636795,636795] (29,16)
[944533,944533] (5,28)
Correct: 38888 Wrong: 131112
[780033,780033] (1,12)
[541251,541247] (4,38)
Correct: 39833 Wrong: 132167
[739177,739198] (29,19)
[337148,337167] (15,33)
Correct: 40776 Wrong: 133224
[127577,127591] (12,10)
[836315,836310] (17,9)
[799504,799504] (19,18)
Correct: 41699 Wrong: 134301
[808593,808587] (32,25)
[932896,932896] (28,34)
Correct: 42704 Wrong: 135296
[545395,545422] (8,33)
[87129,87120] (21,24)
Correct: 43659 Wrong: 136341
[401449,401449] (10,19)
[240078,240029] (15,38)
Correct: 44694 Wrong: 137306
[954664,954621] (9,26)
[788619,788619] (39,37)
Correct: 45592 Wrong: 138408
[514949,514949] (3,33)
[463480,463480] (9,32)
[958629,958659] (0,19)
Correct: 46628 Wrong: 139372
[117227,525560] (27,19)
Correct: 47663 Wrong: 140337
[101781,101779] (40,15)
[339211,339211] (0,14)
Correct: 48640 Wrong: 141360
[162322,162335] (37,17)
[62702,62702] (5,37)
Correct: 49644 Wrong: 142356
[157594,157594] (30,15)
[26397,26414] (28,24)
Correct: 50670 Wrong: 143330
[814274,814289] (9,5)
[664960,664960] (33,13)
[482373,482373] (29,43)
Correct: 51800 Wrong: 144200
[500816,500816] (22,30)
[136646,136646] (35,20)
Correct: 52872 Wrong: 145128
[448038,448038] (19,39)
Correct: 53984 Wrong: 146016
[207019,207019] (11,5)
[396395,396416] (44,15)
Correct: 55046 Wrong: 146954
[672386,672395] (32,7)
[308602,308602] (1,12)
Correct: 56082 Wrong: 147918
[243896,243884] (17,14)
[829843,829831] (4,6)
Correct: 57183 Wrong: 148817
[737086,737084] (9,37)
[502344,502356] (40,18)
Correct: 58230 Wrong: 149770
[171527,171527] (45,5)
[40653,40653] (2,36)
Correct: 59267 Wrong: 150733
[458484,458484] (14,1)
Correct: 60354 Wrong: 151646
[256732,256735] (15,10)
[389543,389543] (18,13)
Correct: 61504 Wrong: 152496
[308490,308490] (24,26)
[504646,504646] (4,14)
Correct: 62620 Wrong: 153380
[610469,610469] (1,22)
[444096,444096] (6,23)
Correct: 63738 Wrong: 154262
[372241,372241] (34,19)
[870307,870307] (8,17)
Correct: 64892 Wrong: 155108
[883266,883266] (42,4)
Correct: 65948 Wrong: 156052
[867291,867291] (22,25)
[618424,618424] (27,18)
Correct: 67108 Wrong: 156892
[269282,269282] (10,1)
Correct: 68270 Wrong: 157730
[285655,285655] (4,11)
[844995,844978] (8,19)
Correct: 69341 Wrong: 158659
[352844,352847] (25,2)
[443050,443048] (26,18)
Correct: 70421 Wrong: 159579
[90546,90541] (17,38)
Correct: 71516 Wrong: 160484
[560146,560146] (4,24)
[152824,152848] (23,24)
Correct: 72696 Wrong: 161304
[517005,517019] (17,12)
[125612,125617] (43,35)
Correct: 73823 Wrong: 162177
[832472,832472] (35,1)
Correct: 74977 Wrong: 163023
[443920,443920] (31,34)
[335446,335446] (21,20)
Correct: 76178 Wrong: 163822
[601658,601654] (0,1)
Correct: 77298 Wrong: 164702
[5421,5436] (30,22)
[316443,316443] (4,1)
Correct: 78488 Wrong: 165512
[951115,951115] (14,10)
Correct: 79651 Wrong: 166349
[969835,969835] (25,5)
[481786,481786] (1,28)
Correct: 80805 Wrong: 167195
[151857,151857] (23,26)
Correct: 81996 Wrong: 168004
[540164,540164] (31,28)
[142410,142410] (37,0)
Correct: 83206 Wrong: 168794
[8936,8943] (32,45)
Correct: 84408 Wrong: 169592
[26038,26012] (44,7)
Correct: 85525 Wrong: 170475
[798241,798241] (6,19)
[317778,317778] (17,28)
Correct: 86687 Wrong: 171313
[972232,972232] (6,15)
Correct: 87799 Wrong: 172201
[207153,207153] (5,5)
[304163,304163] (6,23)
Correct: 89053 Wrong: 172947
[590939,590944] (5,0)
Correct: 90315 Wrong: 173685
[476832,476833] (5,33)
[61378,61369] (43,6)
Correct: 91592 Wrong: 174408
[360930,360930] (9,3)
Correct: 92825 Wrong: 175175
[370456,370456] (30,35)
Correct: 94066 Wrong: 175934
[908421,908427] (29,4)
[741925,741925] (20,30)
Correct: 95228 Wrong: 176772
[150424,150424] (20,0)
Correct: 96464 Wrong: 177536
[60854,60849] (34,7)
Correct: 97722 Wrong: 178278
[354407,354417] (0,36)
[710711,710711] (19,18)
Correct: 99024 Wrong: 178976
[382075,382075] (15,24)
Correct: 100264 Wrong: 179736
[111811,111811] (7,30)
Correct: 101505 Wrong: 180495
[303592,303601] (43,30)
Correct: 102701 Wrong: 181299
[937447,937453] (16,0)
[937837,937837] (0,23)
Correct: 103922 Wrong: 182078
[575487,575487] (10,16)
Correct: 105166 Wrong: 182834
[749032,752747] (15,6)
Correct: 106484 Wrong: 183516
[499214,499224] (6,3)
[992335,992335] (2,8)
Correct: 107775 Wrong: 184225
[794729,794729] (27,6)
Correct: 109011 Wrong: 184989
[116711,116723] (4,18)
Correct: 110245 Wrong: 185755
[218490,218490] (1,22)
Correct: 111505 Wrong: 186495
[336459,336459] (8,33)
Correct: 112723 Wrong: 187277
[994408,994408] (16,6)
[732655,732655] (6,29)
Correct: 114001 Wrong: 187999
[264173,264184] (7,7)
Correct: 115233 Wrong: 188767
[506476,506476] (16,33)
Correct: 116548 Wrong: 189452
[508737,508737] (24,20)
Correct: 117844 Wrong: 190156
[421328,421337] (5,42)
Correct: 119144 Wrong: 190856
[609593,609593] (31,8)
Correct: 120498 Wrong: 191502
[142734,142734] (2,1)
[153462,153478] (22,12)
Correct: 121760 Wrong: 192240
[152387,152391] (8,6)
Correct: 123096 Wrong: 192904
[476669,476669] (41,32)
Correct: 124403 Wrong: 193597
[12362,12359] (32,36)
Correct: 125731 Wrong: 194269
[215712,215673] (14,24)
Correct: 127067 Wrong: 194933
[687579,687572] (32,33)
Correct: 128369 Wrong: 195631
[812703,812703] (1,25)
Correct: 129713 Wrong: 196287
[531529,531529] (17,29)
Correct: 131050 Wrong: 196950
[716733,716733] (5,38)
Correct: 132424 Wrong: 197576
[688544,688632] (14,22)
Correct: 133777 Wrong: 198223
[441368,441368] (5,7)
Correct: 135142 Wrong: 198858
[330638,330638] (20,1)
Correct: 136504 Wrong: 199496
[837294,837294] (16,37)
Correct: 137813 Wrong: 200187
[639790,639784] (0,26)
Correct: 139188 Wrong: 200812
[466806,466795] (34,12)
Correct: 140469 Wrong: 201531
[161491,161492] (26,13)
Correct: 141808 Wrong: 202192
[63882,63882] (18,20)
Correct: 143133 Wrong: 202867
[971025,971058] (20,18)
Correct: 144508 Wrong: 203492
[833397,833385] (24,13)
Correct: 145889 Wrong: 204111
[362258,362258] (3,5)
Correct: 147311 Wrong: 204689
[381581,381588] (1,33)
Correct: 148641 Wrong: 205359
[224590,224590] (8,9)
Correct: 150022 Wrong: 205978
[847192,847192] (19,39)
Correct: 151399 Wrong: 206601
[70295,70301] (13,24)
Correct: 152824 Wrong: 207176
[755985,755985] (7,8)
Correct: 154177 Wrong: 207823
[123904,123897] (27,18)
Correct: 155523 Wrong: 208477
[170701,170701] (40,32)
Correct: 156938 Wrong: 209062
[320672,320672] (3,24)
Correct: 158308 Wrong: 209692
[742244,742264] (24,1)
Correct: 159700 Wrong: 210300
[287422,287424] (5,21)
Correct: 161168 Wrong: 210832
[793957,793946] (31,8)
Correct: 162574 Wrong: 211426
[911876,911876] (33,33)
Correct: 163949 Wrong: 212051
[611243,611243] (3,34)
Correct: 165388 Wrong: 212612
Correct: 166826 Wrong: 213174
[583162,583162] (28,25)
Correct: 168210 Wrong: 213790
[996452,996452] (1,15)
Correct: 169552 Wrong: 214448
[662250,662250] (32,44)
Correct: 170933 Wrong: 215067
[723423,723423] (29,33)
Correct: 172354 Wrong: 215646
[125951,125951] (6,15)
Correct: 173735 Wrong: 216265
[399432,399432] (21,30)
Correct: 175145 Wrong: 216855
[996906,996899] (17,20)
Correct: 176501 Wrong: 217499
[986144,986156] (23,25)
Correct: 177918 Wrong: 218082
Correct: 179337 Wrong: 218663
[854530,854530] (19,15)
Correct: 180738 Wrong: 219262
[326215,326215] (7,18)
Correct: 182183 Wrong: 219817
[28396,28396] (6,38)
Correct: 183604 Wrong: 220396
[807385,807378] (17,9)
Correct: 185025 Wrong: 220975
[572955,572968] (17,25)
Correct: 186410 Wrong: 221590
Correct: 187819 Wrong: 222181
[822044,822054] (1,32)
Correct: 189220 Wrong: 222780
[608740,608740] (4,4)
Correct: 190713 Wrong: 223287
[695126,695123] (16,13)
Correct: 192124 Wrong: 223876
Correct: 193566 Wrong: 224434
[645931,645931] (16,18)
Correct: 194994 Wrong: 225006
[41142,41142] (8,38)
Correct: 196433 Wrong: 225567
[537619,537619] (15,16)
Correct: 197895 Wrong: 226105
Correct: 199368 Wrong: 226632
[764234,764234] (9,21)
Correct: 200807 Wrong: 227193
[961906,961906] (8,0)
Correct: 202293 Wrong: 227707
[842695,842695] (0,36)
Correct: 203739 Wrong: 228261
Correct: 205184 Wrong: 228816
[868945,868945] (41,22)
Correct: 206641 Wrong: 229359
[602999,603015] (15,18)
Correct: 208073 Wrong: 229927
[964008,964018] (7,34)
Correct: 209522 Wrong: 230478
Correct: 210970 Wrong: 231030
[663518,663518] (15,30)
Correct: 212448 Wrong: 231552
[644052,644034] (8,2)
Correct: 213937 Wrong: 232063
[716891,716891] (3,12)
Correct: 215378 Wrong: 232622
Correct: 216842 Wrong: 233158
[692910,692910] (36,10)
Correct: 218294 Wrong: 233706
[636035,636039] (36,1)
Correct: 219760 Wrong: 234240
Correct: 221231 Wrong: 234769
[523955,523957] (3,17)
Correct: 222715 Wrong: 235285
[525451,525451] (8,5)
Correct: 224189 Wrong: 235811
Correct: 225658 Wrong: 236342
[846715,846715] (37,38)
Correct: 227140 Wrong: 236860
[771072,771072] (17,13)
Correct: 228538 Wrong: 237462
Correct: 230047 Wrong: 237953
[519819,519822] (20,26)
Correct: 231510 Wrong: 238490
[330161,330161] (5,0)
Correct: 232984 Wrong: 239016
Correct: 234425 Wrong: 239575
[900543,900543] (13,30)
Correct: 235924 Wrong: 240076
[339722,339722] (39,31)
Correct: 237425 Wrong: 240575
Correct: 238930 Wrong: 241070
[422635,422635] (22,30)
Correct: 240442 Wrong: 241558
Correct: 241911 Wrong: 242089
[9057,9057] (34,1)
Correct: 243392 Wrong: 242608
[562710,562710] (17,22)
Correct: 244878 Wrong: 243122
Correct: 246350 Wrong: 243650
[739016,739016] (8,14)
Correct: 247823 Wrong: 244177
[131964,131974] (3,11)
Correct: 249297 Wrong: 244703
Correct: 250793 Wrong: 245207
[551073,551073] (10,22)
Correct: 252291 Wrong: 245709
Correct: 253776 Wrong: 246224
[450969,450969] (15,29)
Correct: 255229 Wrong: 246771
[498455,498455] (1,17)
Correct: 256706 Wrong: 247294
Correct: 258250 Wrong: 247750
[572112,572112] (14,0)
Correct: 259804 Wrong: 248196
Correct: 261252 Wrong: 248748
[569568,569540] (31,3)
Correct: 262761 Wrong: 249239
Correct: 264232 Wrong: 249768
[543018,543030] (11,17)
Correct: 265735 Wrong: 250265
[294688,294695] (12,9)
Correct: 267234 Wrong: 250766
Correct: 268732 Wrong: 251268
[695615,695615] (12,40)
Correct: 270245 Wrong: 251755
Correct: 271762 Wrong: 252238
[449611,449611] (23,4)
Correct: 273271 Wrong: 252729
Correct: 274749 Wrong: 253251
[47534,47531] (15,3)
Correct: 276269 Wrong: 253731
Correct: 277801 Wrong: 254199
[518715,518715] (16,21)
Correct: 279364 Wrong: 254636
[634581,634581] (21,22)
Correct: 280912 Wrong: 255088
Correct: 282446 Wrong: 255554
[8384,8384] (26,3)
Correct: 283941 Wrong: 256059
Correct: 285512 Wrong: 256488
[105046,105041] (12,10)
Correct: 287041 Wrong: 256959
Correct: 288585 Wrong: 257415
[364550,364550] (23,2)
Correct: 290102 Wrong: 257898
Correct: 291609 Wrong: 258391
[583446,583446] (1,21)
Correct: 293133 Wrong: 258867
Correct: 294679 Wrong: 259321
[529397,529397] (5,31)
Correct: 296189 Wrong: 259811
Correct: 297645 Wrong: 260355
[716836,716830] (18,26)
Correct: 299134 Wrong: 260866
Correct: 300700 Wrong: 261300
[702186,702182] (17,22)
Correct: 302240 Wrong: 261760
Correct: 303758 Wrong: 262242
[867092,867092] (37,29)
Correct: 305309 Wrong: 262691
Correct: 306863 Wrong: 263137
[515948,515948] (40,9)
Correct: 308397 Wrong: 263603
Correct: 309928 Wrong: 264072
[49395,49396] (36,32)
Correct: 311474 Wrong: 264526
Correct: 313039 Wrong: 264961
[878517,878515] (21,11)
Correct: 314521 Wrong: 265479
Correct: 316082 Wrong: 265918
Correct: 317634 Wrong: 266366
[300205,300205] (25,27)
Correct: 319200 Wrong: 266800
Correct: 320722 Wrong: 267278
[20856,20856] (23,38)
Correct: 322243 Wrong: 267757
Correct: 323777 Wrong: 268223
[452332,452332] (13,25)
Correct: 325272 Wrong: 268728
Correct: 326849 Wrong: 269151
[727058,727070] (17,24)
Correct: 328422 Wrong: 269578
Correct: 329993 Wrong: 270007
Correct: 331535 Wrong: 270465
[352155,352155] (21,5)
Correct: 333129 Wrong: 270871
Correct: 334655 Wrong: 271345
[412211,412196] (21,4)
Correct: 336216 Wrong: 271784
Correct: 337786 Wrong: 272214
[794324,794324] (14,19)
Correct: 339343 Wrong: 272657
Correct: 340922 Wrong: 273078
Correct: 342468 Wrong: 273532
[766544,766544] (13,10)
Correct: 344034 Wrong: 273966
Correct: 345584 Wrong: 274416
[782220,782220] (21,10)
Correct: 347117 Wrong: 274883
Correct: 348675 Wrong: 275325
Correct: 350253 Wrong: 275747
[566096,566098] (9,37)
Correct: 351852 Wrong: 276148
Correct: 353430 Wrong: 276570
[741417,741417] (10,19)
Correct: 355005 Wrong: 276995
Correct: 356592 Wrong: 277408
Correct: 358141 Wrong: 277859
[78251,78251] (27,9)
Correct: 359687 Wrong: 278313
Correct: 361273 Wrong: 278727
Correct: 362885 Wrong: 279115
[219141,219131] (8,6)
Correct: 364440 Wrong: 279560
Correct: 366014 Wrong: 279986
[80088,80088] (10,7)
Correct: 367609 Wrong: 280391
Correct: 369159 Wrong: 280841
Correct: 370728 Wrong: 281272
[291131,291136] (22,15)
Correct: 372325 Wrong: 281675
Correct: 373915 Wrong: 282085
Correct: 375524 Wrong: 282476
[556530,556528] (28,35)
Correct: 377062 Wrong: 282938
Correct: 378667 Wrong: 283333
[894446,894446] (24,22)
Correct: 380262 Wrong: 283738
Correct: 381847 Wrong: 284153
Correct: 383438 Wrong: 284562
[822806,822806] (7,27)
Correct: 385051 Wrong: 284949
Correct: 386640 Wrong: 285360
Correct: 388244 Wrong: 285756
[542891,542891] (18,5)
Correct: 389852 Wrong: 286148
Correct: 391458 Wrong: 286542
Correct: 393032 Wrong: 286968
[142584,142591] (20,5)
Correct: 394626 Wrong: 287374
Correct: 396316 Wrong: 287684
Correct: 397921 Wrong: 288079
[664945,664966] (31,1)
Correct: 399482 Wrong: 288518
Correct: 401095 Wrong: 288905
Correct: 402736 Wrong: 289264
Correct: 404367 Wrong: 289633
[40363,40363] (28,12)
Correct: 405960 Wrong: 290040
Correct: 407571 Wrong: 290429
Correct: 409193 Wrong: 290807
[154252,154252] (0,40)
Correct: 410799 Wrong: 291201
Correct: 412402 Wrong: 291598
Correct: 414020 Wrong: 291980
[662037,662037] (3,9)
Correct: 415657 Wrong: 292343
Correct: 417246 Wrong: 292754
Correct: 418836 Wrong: 293164
[904393,904389] (21,3)
Correct: 420486 Wrong: 293514
Correct: 422118 Wrong: 293882
Correct: 423740 Wrong: 294260
Correct: 425345 Wrong: 294655
[304387,304387] (7,5)
Correct: 426926 Wrong: 295074
Correct: 428552 Wrong: 295448
Correct: 430153 Wrong: 295847
[395174,395174] (2,14)
Correct: 431761 Wrong: 296239
Correct: 433415 Wrong: 296585
Correct: 435052 Wrong: 296948
Correct: 436675 Wrong: 297325
[281400,281400] (29,27)
Correct: 438305 Wrong: 297695
Correct: 439931 Wrong: 298069
Correct: 441595 Wrong: 298405
Correct: 443258 Wrong: 298742
[882004,882004] (37,24)
Correct: 444905 Wrong: 299095
Correct: 446536 Wrong: 299464
Correct: 448151 Wrong: 299849
Correct: 449784 Wrong: 300216
[765863,765863] (20,20)
Correct: 451432 Wrong: 300568
Correct: 453083 Wrong: 300917
Correct: 454736 Wrong: 301264
Correct: 456387 Wrong: 301613
[475321,475307] (6,13)
Correct: 457998 Wrong: 302002
Correct: 459651 Wrong: 302349
Correct: 461321 Wrong: 302679
Correct: 462970 Wrong: 303030
[335091,335089] (19,11)
Correct: 464598 Wrong: 303402
Correct: 466223 Wrong: 303777
Correct: 467873 Wrong: 304127
Correct: 469525 Wrong: 304475
[108164,108164] (12,47)
Correct: 471172 Wrong: 304828
Correct: 472817 Wrong: 305183
Correct: 474475 Wrong: 305525
Correct: 476113 Wrong: 305887
Correct: 477783 Wrong: 306217
[827919,827919] (44,6)
Correct: 479435 Wrong: 306565
Correct: 481105 Wrong: 306895
Correct: 482781 Wrong: 307219
Correct: 484445 Wrong: 307555
[564239,564239] (24,14)
Correct: 486097 Wrong: 307903
Correct: 487753 Wrong: 308247
Correct: 489406 Wrong: 308594
Correct: 491060 Wrong: 308940
Correct: 492716 Wrong: 309284
[343216,343216] (34,25)
Correct: 494413 Wrong: 309587
Correct: 496085 Wrong: 309915
Correct: 497776 Wrong: 310224
Correct: 499481 Wrong: 310519
Correct: 501184 Wrong: 310816
[951175,951175] (11,14)
Correct: 502850 Wrong: 311150
Correct: 504577 Wrong: 311423
Correct: 506284 Wrong: 311716
Correct: 507935 Wrong: 312065
Correct: 509620 Wrong: 312380
Correct: 511321 Wrong: 312679
[53904,53888] (2,1)
Correct: 513013 Wrong: 312987
Correct: 514703 Wrong: 313297
Correct: 516391 Wrong: 313609
Correct: 518069 Wrong: 313931
Correct: 519686 Wrong: 314314
[968172,968172] (29,17)
Correct: 521412 Wrong: 314588
Correct: 523134 Wrong: 314866
Correct: 524833 Wrong: 315167
Correct: 526546 Wrong: 315454
Correct: 528232 Wrong: 315768
Correct: 529902 Wrong: 316098
[361561,361561] (26,31)
Correct: 531566 Wrong: 316434
Correct: 533292 Wrong: 316708
Correct: 534991 Wrong: 317009
Correct: 536717 Wrong: 317283
Correct: 538452 Wrong: 317548
Correct: 540141 Wrong: 317859
Correct: 541846 Wrong: 318154
[319687,319687] (9,26)
Correct: 543551 Wrong: 318449
Correct: 545249 Wrong: 318751
Correct: 546983 Wrong: 319017
Correct: 548717 Wrong: 319283
Correct: 550389 Wrong: 319611
Correct: 552113 Wrong: 319887
[931396,931396] (33,0)
Correct: 553802 Wrong: 320198
Correct: 555562 Wrong: 320438
Correct: 557279 Wrong: 320721
Correct: 559002 Wrong: 320998
Correct: 560727 Wrong: 321273
Correct: 562448 Wrong: 321552
Correct: 564164 Wrong: 321836
Correct: 565872 Wrong: 322128
[542984,542984] (39,14)
Correct: 567543 Wrong: 322457
Correct: 569249 Wrong: 322751
Correct: 570984 Wrong: 323016
Correct: 572713 Wrong: 323287
Correct: 574417 Wrong: 323583
Correct: 576096 Wrong: 323904
Correct: 577835 Wrong: 324165
Correct: 579512 Wrong: 324488
[280943,280943] (7,10)
Correct: 581222 Wrong: 324778
Correct: 582937 Wrong: 325063
Correct: 584623 Wrong: 325377
Correct: 586364 Wrong: 325636
Correct: 588084 Wrong: 325916
Correct: 589815 Wrong: 326185
Correct: 591574 Wrong: 326426
Correct: 593314 Wrong: 326686
Correct: 595038 Wrong: 326962
[834121,834121] (6,26)
Correct: 596753 Wrong: 327247
Correct: 598487 Wrong: 327513
Correct: 600245 Wrong: 327755
Correct: 601973 Wrong: 328027
Correct: 603712 Wrong: 328288
Correct: 605471 Wrong: 328529
Correct: 607220 Wrong: 328780
Correct: 608929 Wrong: 329071
Correct: 610633 Wrong: 329367
Correct: 612377 Wrong: 329623
[720625,720625] (18,33)
Correct: 614130 Wrong: 329870
Correct: 615849 Wrong: 330151
Correct: 617572 Wrong: 330428
Correct: 619310 Wrong: 330690
Correct: 621058 Wrong: 330942
Correct: 622773 Wrong: 331227
Correct: 624514 Wrong: 331486
Correct: 626222 Wrong: 331778
Correct: 627956 Wrong: 332044
Correct: 629672 Wrong: 332328
Correct: 631386 Wrong: 332614
Correct: 633106 Wrong: 332894
Correct: 634805 Wrong: 333195
Correct: 636505 Wrong: 333495
[384265,384265] (31,12)
Correct: 638176 Wrong: 333824
Correct: 639850 Wrong: 334150
Correct: 641505 Wrong: 334495
Correct: 643140 Wrong: 334860
Correct: 644733 Wrong: 335267
Correct: 646265 Wrong: 335735
Correct: 647721 Wrong: 336279
Correct: 648876 Wrong: 337124
Correct: 649423 Wrong: 338577
[484375,486311] (15,11)
Correct: 649453 Wrong: 340547
Correct: 649453 Wrong: 342547
expandWhenStuck: 
----------RESULT----------
ExpandWhenStuck results for N = 1000000; s = 1; nb_seed = 40
	common nodes count G1 and G2 = 1000000
	matched = 992611
	correct matches = 649453	 wrong matches = 343158
	recall = 0.649453
	precision = 0.649453
	F1-score = 0.649453
	precision (correct+wrong) = 343159
	F1-score (correct+wrong) = 1.2989
