Start read graph
n = 1000000
Graph created
N = 1000000
E = 2e+07
p = 4e-05
THEOREM 1:
	n^(-1) << p <= n^(-5/6 - e) 	e = 0.001	[1/6 > e > 0]
	1e-06 << p <= 9.86279e-06 (FALSE)
pt = 1
ps = 1
r = 2
a_c = 312.499: initial seed set.
------------------------------------
Generate G1
	generate subgraph
	V_count = 1000000
Generate G2
	generate subgraph
	V_count = 1000000
same = 1000000;  N * pt * pt = 1e+06
Noisy seeds are generated:
	before = 80; with generated = 160
Start percolation matching
M <- A_0 and Z <- A_0
while M \ Z != None do
[69258,69260] (10,2)
[537728,537636] (22,33)
[328695,329032] (18,15)
[283671,283319] (35,26)
[69109,69111] (24,32)
Correct: 83 Wrong: 1917
[328641,329083] (25,16)
[859176,859178] (16,32)
[767869,692128] (8,11)
[283214,283788] (33,7)
[69490,69485] (6,3)
[537890,537495] (40,30)
[692196,692013] (1,17)
Correct: 124 Wrong: 3876
[69539,69527] (24,1)
[283092,283905] (22,34)
[283081,283933] (18,26)
[692228,691981] (12,15)
[328400,329323] (32,17)
[218279,218620] (25,33)
[329300,328441] (26,37)
Correct: 175 Wrong: 5825
[68783,68784] (24,15)
[32006,32008] (20,15)
[218674,218241] (35,25)
[68800,68797] (0,24)
[32072,32076] (31,26)
[986938,986839] (28,31)
Correct: 251 Wrong: 7749
[31176,31172] (34,41)
[692413,691789] (28,8)
[538067,537316] (23,3)
[199478,199486] (11,37)
[692406,691795] (9,33)
[218073,218842] (6,29)
[282822,284187] (13,8)
Correct: 323 Wrong: 9677
[859445,859436] (10,13)
[32214,32216] (31,28)
[466,468] (33,24)
[820768,820770] (27,35)
[69887,69861] (32,4)
[69907,69875] (17,28)
Correct: 430 Wrong: 11570
[68593,68595] (28,6)
[987094,986682] (31,6)
[284176,282821] (3,29)
[556197,556460] (4,41)
[858665,858667] (9,31)
[768702,768719] (10,38)
Correct: 513 Wrong: 13487
[68509,68524] (12,36)
[68486,68489] (12,22)
[329633,329631] (15,36)
[740855,740855] (10,24)
[859724,859731] (6,20)
[354916,354945] (36,31)
Correct: 587 Wrong: 15413
[497965,497958] (24,10)
[691604,692585] (0,22)
[264158,264147] (0,33)
[915118,915167] (25,36)
[32376,32380] (26,17)
[355019,354839] (29,20)
[820943,820927] (5,2)
Correct: 679 Wrong: 17321
[220804,220804] (12,17)
[282611,284383] (25,43)
[497947,497934] (40,20)
[68493,68509] (1,36)
[174640,174640] (45,13)
[910347,910171] (5,35)
Correct: 784 Wrong: 19216
[660463,660463] (19,4)
[355066,354809] (22,24)
[652080,653060] (14,15)
[282582,284409] (16,30)
[78529,78520] (40,36)
[30826,30806] (33,3)
[126282,126282] (36,4)
Correct: 892 Wrong: 21108
[859789,859794] (22,5)
[30982,30976] (23,39)
[210238,210242] (11,20)
[329777,329793] (34,19)
[909260,909260] (36,39)
[70138,70156] (9,39)
Correct: 1013 Wrong: 22987
[653115,652055] (5,36)
[329820,329816] (28,25)
[473789,473789] (41,10)
[32469,32448] (12,3)
[568725,458429] (8,13)
[999542,998823] (24,30)
Correct: 1121 Wrong: 24879
[653154,651999] (24,9)
[220919,220892] (19,27)
[199106,199125] (17,41)
[999548,998806] (27,12)
[181861,546801] (27,28)
[264056,264045] (16,10)
[497811,497801] (14,39)
Correct: 1250 Wrong: 26750
[536828,538551] (17,19)
[314573,314573] (33,12)
[182302,182258] (36,8)
[909297,909312] (43,22)
[335060,335060] (33,29)
Correct: 1447 Wrong: 28553
[909346,909347] (31,21)
[748156,748155] (42,40)
[182283,182251] (30,28)
[163298,163298] (26,27)
[387457,387455] (18,26)
[914895,915396] (6,41)
Correct: 1611 Wrong: 30389
[32499,32509] (6,9)
[652047,653093] (21,8)
[858365,858369] (23,35)
[651962,653182] (36,19)
[821091,821093] (32,31)
Correct: 1829 Wrong: 32171
[168984,168982] (24,13)
[909573,909640] (4,7)
[30711,30704] (18,16)
[748211,748223] (13,32)
[206,203] (20,22)
[30634,30630] (5,18)
Correct: 2036 Wrong: 33964
[915383,914918] (0,37)
[586644,586646] (18,24)
[407197,407196] (10,27)
[264623,264614] (25,31)
[556704,555956] (35,22)
Correct: 2250 Wrong: 35750
[252491,252469] (39,29)
[821115,821101] (4,24)
[284929,284941] (12,20)
[48567,264615] (36,33)
[70269,70262] (1,30)
Correct: 2455 Wrong: 37545
[736093,736099] (17,26)
[361042,361027] (9,9)
[454708,454717] (6,2)
[28657,28657] (19,19)
[859956,859953] (17,33)
Correct: 2681 Wrong: 39319
[578906,578900] (26,22)
[769912,769908] (26,27)
[581865,581876] (32,7)
[563788,563609] (35,7)
[28831,28838] (24,31)
Correct: 2894 Wrong: 41106
[458306,458295] (19,36)
[28838,28820] (17,5)
[748297,748297] (37,27)
[561913,561913] (21,7)
[286511,286511] (18,14)
Correct: 3179 Wrong: 42821
[538360,537028] (16,31)
[199031,199016] (31,31)
[210008,210010] (29,25)
[330051,329991] (28,16)
[998817,999551] (38,16)
Correct: 3434 Wrong: 44566
[956790,956790] (26,34)
[590528,590533] (20,1)
[284497,282504] (35,1)
[312463,312463] (9,33)
[651969,653179] (1,12)
Correct: 3723 Wrong: 46277
[590511,590511] (35,41)
[643673,643672] (17,39)
[210353,210352] (0,15)
[163757,163756] (34,1)
[278486,278475] (9,24)
Correct: 3986 Wrong: 48014
[342358,342354] (27,35)
[771467,771494] (7,31)
[217572,219347] (22,28)
[278437,278440] (24,13)
[866414,866430] (11,35)
Correct: 4291 Wrong: 49709
[112135,112133] (13,14)
[887795,887795] (1,26)
[821913,821913] (35,37)
[800475,800474] (31,26)
Correct: 4597 Wrong: 51403
[62357,62348] (21,33)
[471798,471798] (40,21)
[49182,49195] (6,16)
[590576,590574] (21,30)
Correct: 4976 Wrong: 53024
[909461,909453] (3,30)
[454696,454722] (3,24)
[198130,198133] (20,25)
[696683,696689] (24,15)
[209880,209882] (34,36)
Correct: 5334 Wrong: 54666
[356816,356816] (28,41)
[169034,169039] (19,4)
[387356,387335] (3,11)
[998789,999577] (31,45)
Correct: 5738 Wrong: 56262
[448480,448470] (12,37)
[56162,56158] (4,31)
[772748,772746] (8,8)
[142993,143008] (37,25)
Correct: 6196 Wrong: 57804
[909960,910559] (8,29)
[207236,207222] (25,24)
[994554,994554] (26,4)
[726440,726464] (6,30)
[404516,404588] (17,6)
Correct: 6590 Wrong: 59410
[49498,49491] (9,3)
[379911,379946] (17,13)
[52669,52667] (17,32)
[423448,423463] (6,30)
Correct: 6966 Wrong: 61034
[881339,881339] (20,26)
[488530,488545] (31,16)
[358397,358397] (30,28)
[611793,611810] (25,20)
Correct: 7413 Wrong: 62587
[769174,769176] (1,40)
[198475,198478] (12,18)
[112173,112170] (28,19)
Correct: 7795 Wrong: 64205
[797370,797370] (39,42)
[720091,720092] (30,44)
[686890,686892] (35,14)
[470984,470962] (33,23)
Correct: 8277 Wrong: 65723
[493739,493716] (1,40)
[217589,219325] (15,40)
[20219,20219] (27,22)
[377536,377529] (10,27)
Correct: 8748 Wrong: 67252
[49510,49502] (35,41)
[657404,657385] (28,15)
[690398,690418] (38,12)
[778012,778017] (6,15)
Correct: 9241 Wrong: 68759
[348762,348762] (40,22)
[865598,865676] (14,12)
[78046,78053] (35,39)
[263850,263833] (26,5)
Correct: 9754 Wrong: 70246
[927735,927735] (12,12)
[805763,805780] (35,1)
[887788,887789] (6,22)
[721645,721651] (3,18)
Correct: 10311 Wrong: 71689
[619270,619246] (12,29)
[760968,760968] (41,40)
[638856,638856] (30,26)
[771474,771462] (35,36)
Correct: 10830 Wrong: 73170
[252429,252429] (15,1)
[892708,892604] (18,0)
[456989,456974] (16,16)
Correct: 11362 Wrong: 74638
[958660,958646] (23,28)
[935053,935050] (9,23)
[344428,344400] (13,12)
[223491,223491] (30,29)
Correct: 11842 Wrong: 76158
[588873,588882] (14,19)
[665465,665465] (31,2)
[491720,491718] (31,4)
Correct: 12364 Wrong: 77636
[838372,838374] (3,30)
[982794,982794] (22,32)
[14405,14405] (35,42)
Correct: 12952 Wrong: 79048
[270682,270662] (24,5)
[696235,696235] (33,15)
[168695,168692] (27,19)
[259033,259031] (4,3)
Correct: 13523 Wrong: 80477
[617949,617948] (23,36)
[209918,209919] (23,32)
[113646,113646] (14,13)
Correct: 14149 Wrong: 81851
[838476,838482] (13,36)
[479082,479082] (10,9)
[158117,158117] (4,22)
Correct: 14758 Wrong: 83242
[338700,338701] (25,2)
[458643,458645] (16,34)
[263870,263852] (9,38)
[804071,804080] (33,20)
Correct: 15379 Wrong: 84621
[548061,548070] (4,11)
[758720,758720] (34,5)
[64567,64567] (9,4)
Correct: 16044 Wrong: 85956
[62723,62720] (6,21)
[513751,513704] (7,42)
[954045,954045] (30,43)
Correct: 16685 Wrong: 87315
[179853,179853] (33,11)
[779385,779385] (15,24)
[838051,838051] (20,33)
Correct: 17357 Wrong: 88643
[543140,543140] (7,11)
[342527,342520] (21,34)
[149990,149990] (30,2)
Correct: 18052 Wrong: 89948
[410076,410076] (27,13)
[994530,994532] (12,1)
[503212,503212] (3,30)
Correct: 18723 Wrong: 91277
[533796,533782] (44,1)
[982785,982796] (10,38)
[317694,317686] (17,27)
Correct: 19398 Wrong: 92602
[56138,56143] (25,36)
[881349,881341] (4,7)
[692920,691283] (27,35)
Correct: 20105 Wrong: 93895
[611166,611169] (8,5)
[449824,449813] (10,4)
[956868,509819] (26,25)
Correct: 20878 Wrong: 95122
[356801,356801] (7,41)
[800703,800716] (22,4)
[648291,648291] (27,43)
[483065,483062] (0,25)
Correct: 21651 Wrong: 96349
[154002,154002] (27,22)
[844468,844473] (4,18)
Correct: 22437 Wrong: 97563
[764740,764740] (28,9)
[910721,910733] (2,32)
[865717,865562] (31,13)
Correct: 23241 Wrong: 98759
[997437,997437] (15,8)
[427557,427565] (19,21)
[746944,746944] (42,30)
Correct: 23959 Wrong: 100041
[573808,573808] (0,4)
[771546,771402] (38,35)
[412600,412600] (31,27)
Correct: 24738 Wrong: 101262
[454553,454578] (35,28)
[220570,220545] (27,32)
Correct: 25540 Wrong: 102460
[611232,611230] (2,27)
[598777,598793] (6,30)
[327631,327631] (26,32)
Correct: 26370 Wrong: 103630
[563564,563830] (26,21)
[286265,286275] (28,10)
[66763,66763] (26,33)
Correct: 27207 Wrong: 104793
[433962,433978] (5,34)
[482444,482492] (5,30)
[606188,606188] (10,15)
Correct: 28056 Wrong: 105944
[508858,508858] (20,21)
[594245,594245] (39,17)
Correct: 28872 Wrong: 107128
[568963,568918] (4,3)
[804037,804050] (37,30)
[717387,717396] (12,31)
Correct: 29735 Wrong: 108265
[838062,838068] (5,16)
[207172,207181] (14,38)
[696887,696915] (1,36)
Correct: 30617 Wrong: 109383
[923444,923435] (4,13)
[83101,83092] (35,19)
Correct: 31420 Wrong: 110580
[86015,86015] (20,38)
[610506,610493] (15,34)
Correct: 32338 Wrong: 111662
[818764,818764] (13,19)
[775823,775825] (39,40)
[411149,411154] (13,40)
Correct: 33236 Wrong: 112764
[248165,248165] (0,4)
[225570,225556] (5,28)
Correct: 34154 Wrong: 113846
[586955,586963] (33,36)
[796167,796020] (8,35)
[569538,569538] (22,28)
Correct: 35045 Wrong: 114955
[495719,495719] (37,11)
[779816,779816] (19,26)
Correct: 35923 Wrong: 116077
[144967,144967] (42,35)
[696029,696021] (32,27)
Correct: 36888 Wrong: 117112
[889337,889337] (36,22)
[193232,193232] (7,5)
[64546,64546] (8,20)
Correct: 37828 Wrong: 118172
[982180,982180] (38,12)
[984284,984284] (42,25)
Correct: 38781 Wrong: 119219
[400636,400724] (39,32)
[683940,683962] (1,21)
Correct: 39748 Wrong: 120252
[555820,556830] (37,3)
[544850,544835] (28,31)
Correct: 40726 Wrong: 121274
[298047,298047] (30,31)
[862301,862303] (2,6)
[112227,112227] (29,27)
Correct: 41682 Wrong: 122318
[176188,176197] (31,25)
[519963,519963] (31,19)
Correct: 42655 Wrong: 123345
[737052,737052] (6,42)
[101342,101342] (1,12)
Correct: 43617 Wrong: 124383
[595715,595710] (6,8)
[338194,338191] (9,16)
Correct: 44606 Wrong: 125394
[336722,336722] (39,26)
[343447,343447] (4,22)
Correct: 45714 Wrong: 126286
[661576,661576] (5,11)
[386486,386486] (13,5)
[807823,807823] (8,29)
Correct: 46733 Wrong: 127267
[503119,503125] (32,6)
[459426,459426] (12,32)
Correct: 47702 Wrong: 128298
[755245,755245] (18,16)
[794127,794127] (18,24)
Correct: 48722 Wrong: 129278
[367320,367243] (29,35)
Correct: 49709 Wrong: 130291
[86070,86097] (10,21)
[656169,656169] (14,7)
Correct: 50759 Wrong: 131241
[216121,216121] (27,7)
[600964,600964] (31,32)
Correct: 51767 Wrong: 132233
[327201,327205] (17,15)
[559929,559929] (8,28)
Correct: 52734 Wrong: 133266
[682526,682529] (13,32)
[711251,711244] (14,8)
Correct: 53748 Wrong: 134252
[701581,701565] (19,32)
[131749,131712] (31,21)
Correct: 54782 Wrong: 135218
[93651,93577] (40,8)
[231975,231975] (16,4)
Correct: 55893 Wrong: 136107
[310822,310839] (10,2)
[770897,770904] (25,28)
Correct: 56898 Wrong: 137102
[747827,747827] (18,14)
Correct: 57995 Wrong: 138005
[59383,59383] (25,7)
[343366,343366] (21,7)
Correct: 59086 Wrong: 138914
[776592,776592] (19,14)
[979435,979435] (5,11)
Correct: 60116 Wrong: 139884
[971357,971367] (11,34)
[294443,294443] (30,16)
Correct: 61245 Wrong: 140755
[318011,318010] (30,24)
[443924,443941] (35,21)
Correct: 62279 Wrong: 141721
[604817,604817] (13,22)
Correct: 63396 Wrong: 142604
[582991,582983] (18,23)
[493337,493337] (27,14)
Correct: 64470 Wrong: 143530
[298724,298724] (10,11)
[774594,774620] (6,23)
Correct: 65626 Wrong: 144374
[509297,509318] (22,8)
[504294,504307] (40,10)
Correct: 66795 Wrong: 145205
[879003,878988] (7,35)
Correct: 67991 Wrong: 146009
[671141,671141] (1,5)
[506784,506784] (35,16)
Correct: 69137 Wrong: 146863
[901614,901614] (33,39)
[864314,864314] (10,9)
Correct: 70300 Wrong: 147700
[576769,576769] (1,27)
Correct: 71488 Wrong: 148512
[274593,274600] (1,24)
[289548,289548] (4,15)
Correct: 72578 Wrong: 149422
[606086,606086] (3,9)
[426989,426992] (3,2)
Correct: 73736 Wrong: 150264
[301515,301515] (30,24)
Correct: 74888 Wrong: 151112
[13023,13023] (23,8)
[249433,249433] (11,12)
Correct: 76060 Wrong: 151940
[45153,45157] (35,36)
Correct: 77265 Wrong: 152735
[453804,453804] (5,28)
[247503,247503] (9,23)
Correct: 78500 Wrong: 153500
[403418,403418] (37,6)
Correct: 79648 Wrong: 154352
[845079,845079] (6,20)
[917131,917131] (4,18)
Correct: 80867 Wrong: 155133
[288333,288341] (13,7)
Correct: 82059 Wrong: 155941
[490568,490591] (2,11)
[228810,228810] (33,42)
Correct: 83219 Wrong: 156781
[566391,566389] (44,18)
Correct: 84434 Wrong: 157566
[855483,855475] (1,30)
[211950,211950] (27,25)
Correct: 85583 Wrong: 158417
[455633,455643] (13,10)
Correct: 86774 Wrong: 159226
[594254,594254] (14,9)
[118473,118473] (10,19)
Correct: 87992 Wrong: 160008
[205695,205710] (24,41)
Correct: 89212 Wrong: 160788
[918420,918404] (0,15)
[456429,456444] (32,16)
Correct: 90452 Wrong: 161548
[265688,265684] (12,42)
Correct: 91700 Wrong: 162300
[695820,695824] (15,2)
Correct: 92992 Wrong: 163008
[173451,173451] (27,26)
[110680,110680] (3,39)
Correct: 94255 Wrong: 163745
[37929,37929] (21,8)
Correct: 95445 Wrong: 164555
[771659,771612] (11,5)
Correct: 96677 Wrong: 165323
[733415,733424] (0,38)
[117909,117907] (0,41)
Correct: 97886 Wrong: 166114
[289122,289122] (15,4)
Correct: 99202 Wrong: 166798
[779983,779983] (3,4)
Correct: 100491 Wrong: 167509
[672356,672339] (14,16)
[400106,400106] (40,10)
Correct: 101711 Wrong: 168289
[788074,788089] (44,5)
Correct: 103036 Wrong: 168964
[707675,707675] (8,1)
Correct: 104292 Wrong: 169708
[107500,107500] (6,8)
[205851,205851] (4,16)
Correct: 105533 Wrong: 170467
[672806,672803] (19,21)
Correct: 106761 Wrong: 171239
[747825,747825] (21,27)
Correct: 108001 Wrong: 171999
[19207,19209] (18,21)
[33778,33778] (23,31)
Correct: 109240 Wrong: 172760
[209897,209915] (10,7)
Correct: 110523 Wrong: 173477
[33977,33977] (17,17)
Correct: 111786 Wrong: 174214
[717997,717997] (0,31)
Correct: 112977 Wrong: 175023
[167530,167530] (3,19)
[926891,926900] (5,17)
Correct: 114305 Wrong: 175695
[825240,825240] (2,19)
Correct: 115572 Wrong: 176428
[294393,294393] (23,23)
Correct: 116834 Wrong: 177166
[843680,843680] (16,8)
Correct: 118093 Wrong: 177907
[316706,316708] (11,0)
Correct: 119391 Wrong: 178609
[955012,955012] (28,28)
Correct: 120653 Wrong: 179347
[118057,118087] (34,18)
Correct: 121951 Wrong: 180049
[815431,815437] (23,22)
[92750,92751] (22,19)
Correct: 123214 Wrong: 180786
[174793,174787] (12,21)
Correct: 124579 Wrong: 181421
[640056,640056] (12,21)
Correct: 125861 Wrong: 182139
[608711,608703] (8,9)
Correct: 127192 Wrong: 182808
[457650,457650] (31,9)
Correct: 128456 Wrong: 183544
[157639,157652] (15,15)
Correct: 129717 Wrong: 184283
[835421,835421] (24,25)
Correct: 131067 Wrong: 184933
[20335,20327] (0,17)
Correct: 132399 Wrong: 185601
[535650,535650] (29,12)
Correct: 133751 Wrong: 186249
[292250,292233] (33,33)
Correct: 135058 Wrong: 186942
[413077,413077] (24,17)
Correct: 136406 Wrong: 187594
[263312,263312] (47,16)
[233667,233660] (8,15)
Correct: 137762 Wrong: 188238
[313867,313867] (35,33)
Correct: 139149 Wrong: 188851
[695354,695354] (15,22)
Correct: 140508 Wrong: 189492
[197807,197807] (42,20)
Correct: 141802 Wrong: 190198
[246933,246934] (40,20)
Correct: 143129 Wrong: 190871
[84203,84206] (24,12)
Correct: 144491 Wrong: 191509
[242809,242809] (1,18)
Correct: 145856 Wrong: 192144
[80447,80441] (31,4)
Correct: 147194 Wrong: 192806
[16921,16927] (35,30)
Correct: 148512 Wrong: 193488
[653418,653418] (45,5)
Correct: 149886 Wrong: 194114
[489531,489531] (30,15)
Correct: 151274 Wrong: 194726
[317044,317044] (16,20)
Correct: 152689 Wrong: 195311
[809772,809772] (11,2)
Correct: 154118 Wrong: 195882
Correct: 155508 Wrong: 196492
[631526,631534] (8,32)
Correct: 156901 Wrong: 197099
[182125,182100] (22,13)
Correct: 158313 Wrong: 197687
[215528,215528] (24,21)
Correct: 159740 Wrong: 198260
[82479,82479] (21,34)
Correct: 161183 Wrong: 198817
[548650,548650] (18,2)
Correct: 162561 Wrong: 199439
[993927,993923] (27,14)
Correct: 163977 Wrong: 200023
[721722,721722] (31,28)
Correct: 165344 Wrong: 200656
[698668,698668] (27,23)
Correct: 166639 Wrong: 201361
[273437,273437] (6,2)
Correct: 168034 Wrong: 201966
[590129,590129] (26,17)
Correct: 169456 Wrong: 202544
Correct: 170869 Wrong: 203131
[50093,50093] (9,28)
Correct: 172309 Wrong: 203691
[786106,786106] (28,26)
Correct: 173686 Wrong: 204314
[552886,552886] (36,13)
Correct: 175037 Wrong: 204963
[409436,409437] (25,16)
Correct: 176476 Wrong: 205524
[27967,27971] (29,8)
Correct: 177875 Wrong: 206125
[482623,482623] (39,40)
Correct: 179272 Wrong: 206728
[617872,617872] (5,39)
Correct: 180720 Wrong: 207280
Correct: 182110 Wrong: 207890
[114565,114565] (6,4)
Correct: 183539 Wrong: 208461
[987960,987960] (28,13)
Correct: 184953 Wrong: 209047
[268898,268881] (30,26)
Correct: 186367 Wrong: 209633
[628815,628815] (25,27)
Correct: 187821 Wrong: 210179
[473038,473038] (14,31)
Correct: 189260 Wrong: 210740
Correct: 190650 Wrong: 211350
[886142,886142] (15,5)
Correct: 192104 Wrong: 211896
[703475,703475] (35,33)
Correct: 193511 Wrong: 212489
[520475,520475] (20,6)
Correct: 194968 Wrong: 213032
[471562,471562] (7,26)
Correct: 196322 Wrong: 213678
Correct: 197755 Wrong: 214245
[897324,897324] (7,20)
Correct: 199218 Wrong: 214782
[364966,364971] (24,36)
Correct: 200619 Wrong: 215381
[15280,15280] (16,3)
Correct: 202068 Wrong: 215932
[421539,421516] (19,19)
Correct: 203515 Wrong: 216485
Correct: 204969 Wrong: 217031
[529011,529011] (11,12)
Correct: 206441 Wrong: 217559
[111396,111396] (0,8)
Correct: 207870 Wrong: 218130
[507518,507518] (26,13)
Correct: 209343 Wrong: 218657
Correct: 210815 Wrong: 219185
[804448,804448] (24,2)
Correct: 212258 Wrong: 219742
[298594,298594] (2,28)
Correct: 213647 Wrong: 220353
Correct: 215086 Wrong: 220914
[111065,111065] (21,18)
Correct: 216537 Wrong: 221463
[951019,951019] (7,14)
Correct: 218007 Wrong: 221993
[829890,829890] (20,23)
Correct: 219446 Wrong: 222554
Correct: 220865 Wrong: 223135
[731798,731798] (33,20)
Correct: 222392 Wrong: 223608
[982898,982898] (27,16)
Correct: 223828 Wrong: 224172
Correct: 225315 Wrong: 224685
[82729,82703] (3,27)
Correct: 226789 Wrong: 225211
[976380,976385] (35,30)
Correct: 228240 Wrong: 225760
[491282,491282] (15,2)
Correct: 229682 Wrong: 226318
Correct: 231155 Wrong: 226845
[171840,171840] (15,5)
Correct: 232614 Wrong: 227386
Correct: 234109 Wrong: 227891
[794902,794902] (20,30)
Correct: 235609 Wrong: 228391
[144738,144738] (35,4)
Correct: 237111 Wrong: 228889
[835756,835756] (1,14)
Correct: 238523 Wrong: 229477
Correct: 240011 Wrong: 229989
[292474,292474] (21,7)
Correct: 241518 Wrong: 230482
Correct: 243033 Wrong: 230967
[616075,616066] (12,19)
Correct: 244502 Wrong: 231498
[9866,9866] (17,41)
Correct: 245962 Wrong: 232038
Correct: 247430 Wrong: 232570
[265211,265211] (18,0)
Correct: 248875 Wrong: 233125
[660090,660090] (35,16)
Correct: 250371 Wrong: 233629
Correct: 251880 Wrong: 234120
[337125,336996] (19,6)
Correct: 253445 Wrong: 234555
Correct: 254962 Wrong: 235038
[957800,957800] (11,21)
Correct: 256443 Wrong: 235557
[678636,678636] (23,25)
Correct: 257910 Wrong: 236090
Correct: 259434 Wrong: 236566
[836227,836227] (2,33)
Correct: 260927 Wrong: 237073
Correct: 262476 Wrong: 237524
[70936,70956] (2,11)
Correct: 264002 Wrong: 237998
[148535,148540] (25,17)
Correct: 265501 Wrong: 238499
Correct: 266993 Wrong: 239007
[223854,223854] (19,13)
Correct: 268510 Wrong: 239490
Correct: 270004 Wrong: 239996
[304262,304262] (24,34)
Correct: 271530 Wrong: 240470
Correct: 273020 Wrong: 240980
[671690,671689] (28,22)
Correct: 274604 Wrong: 241396
[260922,260922] (9,8)
Correct: 276111 Wrong: 241889
Correct: 277605 Wrong: 242395
[36379,36407] (7,14)
Correct: 279136 Wrong: 242864
Correct: 280672 Wrong: 243328
[433879,433879] (5,21)
Correct: 282192 Wrong: 243808
Correct: 283710 Wrong: 244290
[412204,412207] (39,19)
Correct: 285217 Wrong: 244783
Correct: 286725 Wrong: 245275
[671588,671588] (16,9)
Correct: 288336 Wrong: 245664
Correct: 289878 Wrong: 246122
[662147,662147] (30,35)
Correct: 291384 Wrong: 246616
Correct: 292916 Wrong: 247084
[730534,730542] (20,32)
Correct: 294442 Wrong: 247558
Correct: 295996 Wrong: 248004
[541265,541265] (43,23)
Correct: 297564 Wrong: 248436
[866883,866882] (18,21)
Correct: 299108 Wrong: 248892
Correct: 300663 Wrong: 249337
Correct: 302212 Wrong: 249788
[456449,456450] (26,7)
Correct: 303742 Wrong: 250258
Correct: 305283 Wrong: 250717
[493857,493856] (5,15)
Correct: 306796 Wrong: 251204
Correct: 308309 Wrong: 251691
[138258,138258] (2,28)
Correct: 309885 Wrong: 252115
Correct: 311487 Wrong: 252513
[629551,629551] (15,37)
Correct: 313072 Wrong: 252928
Correct: 314636 Wrong: 253364
[809842,809859] (6,31)
Correct: 316229 Wrong: 253771
Correct: 317781 Wrong: 254219
[119704,119701] (20,15)
Correct: 319363 Wrong: 254637
Correct: 320922 Wrong: 255078
[203458,203458] (3,4)
Correct: 322462 Wrong: 255538
Correct: 323968 Wrong: 256032
[819973,819951] (34,10)
Correct: 325493 Wrong: 256507
Correct: 327089 Wrong: 256911
Correct: 328634 Wrong: 257366
[614168,614168] (28,19)
Correct: 330184 Wrong: 257816
Correct: 331792 Wrong: 258208
[556991,556991] (41,10)
Correct: 333311 Wrong: 258689
Correct: 334849 Wrong: 259151
[807488,807488] (20,0)
Correct: 336416 Wrong: 259584
Correct: 337963 Wrong: 260037
Correct: 339499 Wrong: 260501
[171442,171454] (8,13)
Correct: 341098 Wrong: 260902
Correct: 342691 Wrong: 261309
[836577,836577] (25,27)
Correct: 344264 Wrong: 261736
Correct: 345772 Wrong: 262228
Correct: 347311 Wrong: 262689
[746102,746102] (22,8)
Correct: 348852 Wrong: 263148
Correct: 350430 Wrong: 263570
[493119,493119] (22,27)
Correct: 351965 Wrong: 264035
Correct: 353552 Wrong: 264448
[427953,427953] (35,1)
Correct: 355113 Wrong: 264887
Correct: 356713 Wrong: 265287
Correct: 358258 Wrong: 265742
[226122,226112] (26,16)
Correct: 359876 Wrong: 266124
Correct: 361388 Wrong: 266612
Correct: 362922 Wrong: 267078
[173716,173716] (29,6)
Correct: 364525 Wrong: 267475
Correct: 366103 Wrong: 267897
[276532,276532] (18,1)
Correct: 367671 Wrong: 268329
Correct: 369277 Wrong: 268723
Correct: 370857 Wrong: 269143
[849514,849497] (35,1)
Correct: 372450 Wrong: 269550
Correct: 374050 Wrong: 269950
[369724,369724] (6,25)
Correct: 375648 Wrong: 270352
Correct: 377210 Wrong: 270790
Correct: 378789 Wrong: 271211
[623875,623867] (40,22)
Correct: 380429 Wrong: 271571
Correct: 382011 Wrong: 271989
Correct: 383610 Wrong: 272390
[427738,427738] (8,5)
Correct: 385177 Wrong: 272823
Correct: 386743 Wrong: 273257
Correct: 388357 Wrong: 273643
[170574,170574] (14,31)
Correct: 390003 Wrong: 273997
Correct: 391593 Wrong: 274407
Correct: 393225 Wrong: 274775
[997555,997559] (20,23)
Correct: 394855 Wrong: 275145
Correct: 396497 Wrong: 275503
Correct: 398120 Wrong: 275880
[868555,868555] (30,11)
Correct: 399741 Wrong: 276259
Correct: 401351 Wrong: 276649
Correct: 402990 Wrong: 277010
[837850,837850] (8,4)
Correct: 404587 Wrong: 277413
Correct: 406142 Wrong: 277858
Correct: 407765 Wrong: 278235
[175176,175176] (38,1)
Correct: 409426 Wrong: 278574
Correct: 411056 Wrong: 278944
Correct: 412691 Wrong: 279309
[846164,846164] (22,17)
Correct: 414301 Wrong: 279699
Correct: 415919 Wrong: 280081
Correct: 417477 Wrong: 280523
Correct: 419059 Wrong: 280941
[848719,848719] (3,21)
Correct: 420693 Wrong: 281307
Correct: 422335 Wrong: 281665
Correct: 423960 Wrong: 282040
[434126,434126] (5,30)
Correct: 425560 Wrong: 282440
Correct: 427168 Wrong: 282832
Correct: 428770 Wrong: 283230
Correct: 430369 Wrong: 283631
[539122,539113] (15,0)
Correct: 431996 Wrong: 284004
Correct: 433656 Wrong: 284344
Correct: 435269 Wrong: 284731
[689471,689471] (23,20)
Correct: 436907 Wrong: 285093
Correct: 438509 Wrong: 285491
Correct: 440142 Wrong: 285858
Correct: 441762 Wrong: 286238
[225123,225123] (28,35)
Correct: 443419 Wrong: 286581
Correct: 445074 Wrong: 286926
Correct: 446680 Wrong: 287320
Correct: 448326 Wrong: 287674
[565757,565757] (31,5)
Correct: 449981 Wrong: 288019
Correct: 451650 Wrong: 288350
Correct: 453271 Wrong: 288729
[633786,633786] (38,26)
Correct: 454924 Wrong: 289076
Correct: 456522 Wrong: 289478
Correct: 458198 Wrong: 289802
Correct: 459857 Wrong: 290143
[798198,798198] (30,18)
Correct: 461529 Wrong: 290471
Correct: 463207 Wrong: 290793
Correct: 464838 Wrong: 291162
Correct: 466466 Wrong: 291534
[194335,194335] (30,8)
Correct: 468124 Wrong: 291876
Correct: 469744 Wrong: 292256
Correct: 471330 Wrong: 292670
Correct: 472941 Wrong: 293059
Correct: 474589 Wrong: 293411
[806777,806748] (0,18)
Correct: 476256 Wrong: 293744
Correct: 477921 Wrong: 294079
Correct: 479590 Wrong: 294410
Correct: 481273 Wrong: 294727
[112461,112461] (29,0)
Correct: 482937 Wrong: 295063
Correct: 484598 Wrong: 295402
Correct: 486244 Wrong: 295756
Correct: 487894 Wrong: 296106
Correct: 489517 Wrong: 296483
[403714,403714] (0,2)
Correct: 491208 Wrong: 296792
Correct: 492874 Wrong: 297126
Correct: 494544 Wrong: 297456
Correct: 496199 Wrong: 297801
[8899,8899] (9,12)
Correct: 497834 Wrong: 298166
Correct: 499459 Wrong: 298541
Correct: 501146 Wrong: 298854
Correct: 502818 Wrong: 299182
Correct: 504505 Wrong: 299495
[287287,287296] (8,24)
Correct: 506185 Wrong: 299815
Correct: 507853 Wrong: 300147
Correct: 509500 Wrong: 300500
Correct: 511178 Wrong: 300822
Correct: 512833 Wrong: 301167
[881204,881204] (21,1)
Correct: 514542 Wrong: 301458
Correct: 516195 Wrong: 301805
Correct: 517850 Wrong: 302150
Correct: 519551 Wrong: 302449
Correct: 521240 Wrong: 302760
Correct: 522891 Wrong: 303109
[691109,691109] (46,49)
Correct: 524565 Wrong: 303435
Correct: 526238 Wrong: 303762
Correct: 527911 Wrong: 304089
Correct: 529640 Wrong: 304360
Correct: 531353 Wrong: 304647
Correct: 532984 Wrong: 305016
[487573,487573] (7,31)
Correct: 534674 Wrong: 305326
Correct: 536354 Wrong: 305646
Correct: 538075 Wrong: 305925
Correct: 539790 Wrong: 306210
Correct: 541472 Wrong: 306528
Correct: 543156 Wrong: 306844
[836003,836003] (20,36)
Correct: 544855 Wrong: 307145
Correct: 546560 Wrong: 307440
Correct: 548242 Wrong: 307758
Correct: 549981 Wrong: 308019
Correct: 551697 Wrong: 308303
Correct: 553408 Wrong: 308592
Correct: 555097 Wrong: 308903
[922900,922873] (8,0)
Correct: 556766 Wrong: 309234
Correct: 558457 Wrong: 309543
Correct: 560155 Wrong: 309845
Correct: 561838 Wrong: 310162
Correct: 563534 Wrong: 310466
Correct: 565262 Wrong: 310738
Correct: 566970 Wrong: 311030
[684009,683925] (38,16)
Correct: 568679 Wrong: 311321
Correct: 570410 Wrong: 311590
Correct: 572100 Wrong: 311900
Correct: 573811 Wrong: 312189
Correct: 575527 Wrong: 312473
Correct: 577251 Wrong: 312749
Correct: 578961 Wrong: 313039
Correct: 580697 Wrong: 313303
[993961,993961] (41,38)
Correct: 582426 Wrong: 313574
Correct: 584196 Wrong: 313804
Correct: 585876 Wrong: 314124
Correct: 587615 Wrong: 314385
Correct: 589364 Wrong: 314636
Correct: 591086 Wrong: 314914
Correct: 592843 Wrong: 315157
Correct: 594568 Wrong: 315432
[951807,951807] (3,23)
Correct: 596309 Wrong: 315691
Correct: 598030 Wrong: 315970
Correct: 599768 Wrong: 316232
Correct: 601470 Wrong: 316530
Correct: 603169 Wrong: 316831
Correct: 604919 Wrong: 317081
Correct: 606629 Wrong: 317371
Correct: 608353 Wrong: 317647
Correct: 610068 Wrong: 317932
Correct: 611790 Wrong: 318210
[683844,683844] (16,28)
Correct: 613540 Wrong: 318460
Correct: 615295 Wrong: 318705
Correct: 617034 Wrong: 318966
Correct: 618787 Wrong: 319213
Correct: 620512 Wrong: 319488
Correct: 622232 Wrong: 319768
Correct: 623998 Wrong: 320002
Correct: 625739 Wrong: 320261
Correct: 627491 Wrong: 320509
Correct: 629205 Wrong: 320795
Correct: 630946 Wrong: 321054
Correct: 632661 Wrong: 321339
[651186,651186] (33,20)
Correct: 634385 Wrong: 321615
Correct: 636127 Wrong: 321873
Correct: 637855 Wrong: 322145
Correct: 639595 Wrong: 322405
Correct: 641311 Wrong: 322689
Correct: 643020 Wrong: 322980
Correct: 644728 Wrong: 323272
Correct: 646423 Wrong: 323577
Correct: 648112 Wrong: 323888
Correct: 649797 Wrong: 324203
Correct: 651492 Wrong: 324508
Correct: 653176 Wrong: 324824
Correct: 654834 Wrong: 325166
Correct: 656431 Wrong: 325569
Correct: 657938 Wrong: 326062
[101831,101831] (8,31)
Correct: 659436 Wrong: 326564
Correct: 660698 Wrong: 327302
Correct: 661402 Wrong: 328598
    matched = 999999
    correct matches = 669401     wrong matches = 330598
    recall = 0.669402
    precision = 0.669402
    F1-score = 0.669402