Start read graph
n = 1000000
Graph created
N = 1000000
E = 2.30204e+06
p = 4.60408e-06
THEOREM 1:
	n^(-1) << p <= n^(-5/6 - e) 	e = 0.001	[1/6 > e > 0]
	1e-06 << p <= 9.86279e-06 (OK)
pt = 1
ps = 1
r = 2
a_c = 23587.6: initial seed set.
------------------------------------
Generate G1
	generate subgraph
	V_count = 1000000
Generate G2
	generate subgraph
	V_count = 1000000
same = 1000000;  N * pt * pt = 1e+06
Noisy seeds are generated:
	before = 8; with generated = 100
Start percolation matching
M <- A_0 and Z <- A_0
while M \ Z != None do
[40011,40013] (15,10)
[12,67707] (29,32)
[39898,39913] (27,33)
[39732,39729] (2,39)
[40574,40568] (12,19)
[39599,39596] (12,12)
[767,68485] (1,34)
[40897,40886] (3,4)
[795,68503] (25,8)
[39206,39222] (44,3)
[39109,39104] (41,20)
[1218,68937] (11,3)
[41302,41299] (3,6)
[38787,38789] (23,1)
[1513,69215] (14,25)
[38597,38599] (17,1)
[1692,69394] (34,7)
[38429,38438] (32,2)
[41799,41808] (6,25)
[1984,69689] (18,33)
[42078,42074] (14,39)
[38145,38148] (16,30)
[37981,37965] (15,0)
[42316,42310] (37,19)
[2479,70163] (13,29)
[2580,70280] (18,26)
[42552,42552] (31,5)
[37515,37508] (20,10)
[42792,42802] (31,35)
[37253,37249] (27,14)
[3112,70810] (33,31)
[43022,43018] (20,16)
[43060,43055] (35,0)
[36841,36833] (22,0)
[36755,36761] (33,3)
[36692,36677] (26,19)
[43504,43520] (6,10)
[3781,71476] (19,22)
[3872,71563] (21,25)
[43723,43712] (1,43)
[43700,43695] (8,32)
[4190,71873] (34,19)
[44111,44123] (38,28)
[44178,44181] (5,7)
[4478,72170] (1,11)
[35620,35620] (18,29)
[44356,44354] (18,1)
[44595,44589] (17,14)
[44642,44637] (32,20)
[44790,44769] (36,15)
[44866,44857] (18,28)
[44980,44978] (42,27)
[45050,45042] (9,12)
[45182,45182] (21,8)
[5367,73046] (13,11)
[45394,45406] (31,14)
[5476,73161] (6,31)
[45559,45560] (8,24)
[34349,34344] (17,22)
[5819,73507] (17,19)
[5805,73466] (1,11)
[5952,73635] (25,13)
[33984,33995] (15,21)
[46219,46225] (28,17)
[46265,46265] (13,7)
[6381,74056] (22,5)
[46480,46471] (29,3)
[6583,74276] (7,9)
[6673,74360] (21,39)
[6757,74433] (12,32)
[33161,33150] (32,35)
[33049,33058] (28,28)
[32957,32957] (20,19)
[7137,74834] (20,25)
[7237,74929] (33,34)
[47405,47408] (5,28)
[7351,75041] (2,33)
[32456,32463] (10,40)
[32342,32339] (31,0)
[32215,32223] (15,2)
[7783,75485] (11,23)
[47960,47951] (2,41)
[31928,31960] (38,0)
[8096,75780] (14,24)
[8217,75895] (0,16)
[8273,75956] (9,9)
[12826,12816] (10,26)
[12401,12386] (17,31)
[48429,48427] (29,37)
[13035,13014] (10,38)
[13098,13091] (36,13)
[48578,48541] (1,13)
[12219,12192] (31,15)
[48659,48660] (27,22)
[31186,31177] (38,11)
[31127,31127] (35,35)
[50762,50770] (34,7)
[50217,50203] (20,38)
[13463,13442] (21,30)
[11941,11931] (42,18)
[50134,50122] (35,22)
[13531,13518] (35,9)
[9137,76821] (30,1)
[49121,49129] (29,35)
[13669,13653] (14,11)
[11740,11716] (14,12)
[9339,77015] (40,36)
[11679,11659] (33,25)
[13801,13786] (13,35)
[30528,30523] (16,1)
[51381,51375] (20,16)
[51430,51425] (14,32)
[49401,49403] (22,4)
[14031,14020] (17,20)
[30381,30380] (18,15)
[9661,77320] (0,11)
[49570,49590] (30,11)
[66469,66452] (19,20)
[14150,14142] (29,24)
[17305,17291] (24,38)
[51789,51772] (40,11)
[17341,17339] (22,21)
[51883,51899] (0,12)
[51921,51908] (32,36)
[66859,66866] (36,11)
[51984,51989] (4,22)
[66153,66155] (5,19)
[66879,66867] (2,24)
[17544,17533] (40,24)
[16074,16051] (37,14)
[17742,17738] (30,1)
[27349,27324] (21,32)
[67106,67090] (14,9)
[66990,66979] (3,10)
[67166,67161] (7,3)
[14621,14612] (31,19)
[15978,15979] (34,29)
[10308,77996] (35,17)
[14682,14682] (14,1)
[14623,14625] (21,34)
[65750,65754] (30,0)
[27144,27158] (11,36)
[21867,21866] (43,29)
[27648,27638] (33,9)
[65701,65704] (31,14)
[67278,67277] (0,15)
[29583,29585] (32,32)
[27715,27712] (16,12)
[25117,25126] (7,37)
[29664,29666] (23,10)
[27825,27807] (19,10)
[18429,18432] (19,14)
[22115,21650] (3,21)
[27881,27873] (21,6)
[29502,29502] (18,11)
[27809,27801] (7,4)
[25237,25234] (14,9)
[15147,15148] (12,22)
[65438,65452] (14,8)
[26661,26644] (15,36)
[58531,58519] (4,19)
[24975,24990] (14,18)
[25309,25308] (0,38)
[20948,20947] (9,28)
[28095,28092] (10,35)
[58606,58603] (29,2)
[80060,80052] (35,16)
[80066,80077] (11,32)
[25398,25402] (30,2)
[25412,25412] (28,15)
[25394,25389] (10,15)
[65166,65180] (34,32)
[26423,26421] (16,23)
[52951,52958] (45,22)
[79959,79974] (29,23)
[18821,18824] (0,6)
[57746,57760] (27,39)
[80247,80252] (28,32)
[25794,25795] (9,32)
[29194,29198] (31,12)
[21167,21166] (1,3)
[78992,78982] (20,20)
[59782,59772] (27,11)
[25631,25630] (18,24)
[60098,60089] (17,34)
[59785,59782] (34,39)
[81207,81191] (2,18)
[26028,26043] (5,33)
[79102,79095] (4,38)
[55814,55689] (18,19)
[28377,28367] (33,22)
[53251,53248] (17,21)
[58863,58881] (19,18)
[24410,24397] (22,18)
[64480,64480] (23,9)
[60332,60308] (39,17)
[82863,82837] (22,32)
[57533,57527] (11,33)
[57579,57587] (33,27)
[64556,64554] (28,36)
[20361,20359] (39,17)
[64575,64584] (33,34)
[59077,59074] (2,13)
[60393,60390] (27,25)
[57429,57421] (23,21)
[79095,79080] (23,39)
[60945,60940] (34,3)
[82729,82721] (20,32)
[28868,28868] (7,22)
[19319,19317] (4,41)
[80644,80653] (27,32)
[28736,28732] (33,25)
[57352,57374] (8,12)
[20184,20183] (18,22)
[19329,19319] (5,30)
[82157,82230] (15,23)
[61065,61052] (41,12)
[61074,61085] (37,39)
[81979,81947] (19,7)
[23255,23205] (6,22)
[64029,64015] (21,32)
[82487,82467] (5,12)
[62125,62137] (10,1)
[82501,82498] (22,38)
[19597,19600] (14,30)
[82468,82455] (34,12)
[54225,54225] (38,10)
[19611,19612] (3,32)
[62416,62416] (15,9)
[23954,23953] (30,13)
[23903,23903] (40,24)
[502239,502239] (4,5)
[23079,23071] (24,38)
[61371,61369] (11,25)
[63774,63773] (43,14)
[22997,22992] (24,42)
[22684,22692] (12,38)
[22838,22819] (2,16)
[54014,54022] (20,23)
[61626,61620] (11,9)
[61805,61805] (33,23)
[61668,61672] (11,7)
ExpandOnce: 
----------RESULT----------
ExpandWhenStuck results for N = 1000000; s = 1; nb_seed = 8
	common nodes count G1 and G2 = 1000000
	matched = 75980
	correct matches = 6696	 wrong matches = 69284
	recall = 0.006696
	precision = 0.006696
	F1-score = 0.006696
	precision (correct+wrong) = 69285
	F1-score (correct+wrong) = 0.013392
