Start read graph: /home/ildar/projects/GraphMatching/data/rg_wattz_strogatz.txt
n = 1000000
Graph created
N = 1000000
E = 2e+07
p = 4e-05
THEOREM 1:
	n^(-1) << p <= n^(-5/6 - e) 	e = 0.001	[1/6 > e > 0]
	1e-06 << p <= 9.86279e-06 (FALSE)
pt = 1
ps = 1
r = 2
a_c = 312.499: initial seed set.
------------------------------------
Generate G1
	generate subgraph
	V_count = 1000000
Generate G2
	generate subgraph
	V_count = 1000000
same = 1000000;  N * pt * pt = 1e+06
START algorithm time: Tue Dec  1 10:48:53 2015
Noisy seeds are generated:
	before = 50; with generated = 200
Start percolation matching
M <- A_0 and Z <- A_0
while M \ Z != None do
[224825,224822] (16,30)
[928158,928044] (13,8)
[321174,321076] (35,19)
[928199,928020] (34,29)
[87577,87458] (17,20)
Correct: 55 Wrong: 1945
[321217,321210] (7,29)
[225012,225019] (2,43)
[87380,87651] (36,14)
[787288,787296] (27,22)
[320920,320938] (35,39)
[787098,787097] (20,2)
[87839,87191] (40,26)
Correct: 120 Wrong: 3880
[211938,211579] (15,27)
[787318,787312] (8,16)
[833564,834234] (18,14)
[764583,764599] (22,5)
[185042,185036] (27,39)
[321419,321410] (37,35)
Correct: 198 Wrong: 5802
[764492,764494] (31,10)
[211501,212031] (19,4)
[786986,786980] (33,14)
[993823,993822] (32,0)
[994615,994624] (19,2)
[786980,786988] (10,18)
[212069,211459] (19,1)
Correct: 264 Wrong: 7736
[994642,994656] (10,9)
[964891,964879] (27,11)
[787645,787641] (30,10)
[928465,927752] (33,13)
[320647,320655] (8,18)
[786848,786860] (21,12)
[234617,234617] (34,27)
Correct: 318 Wrong: 9682
[833378,834414] (30,25)
[833324,834474] (31,26)
[321617,321610] (27,38)
[225424,225437] (13,14)
[225435,225430] (15,27)
[993615,993632] (11,15)
Correct: 373 Wrong: 11627
[179447,179446] (18,31)
[964979,964968] (18,3)
[786716,786719] (2,12)
[158072,157695] (0,33)
[88253,86774] (15,16)
[321690,321679] (28,21)
[224233,224238] (1,21)
Correct: 427 Wrong: 13573
[904839,904837] (37,33)
[787874,787863] (32,14)
[965054,965047] (23,34)
[184790,185300] (37,16)
[841540,841700] (37,24)
[492450,492456] (14,23)
[320424,320424] (3,38)
Correct: 508 Wrong: 15492
[833178,834615] (37,5)
[320444,320410] (13,11)
[492470,492470] (4,48)
[904701,904935] (31,28)
[220822,220858] (30,33)
[86856,88165] (33,24)
Correct: 591 Wrong: 17409
[220841,220831] (28,30)
[631721,631734] (7,42)
[851442,851431] (20,19)
[225729,225731] (18,29)
[220819,220851] (21,13)
[794277,794266] (8,12)
[88422,86590] (15,20)
Correct: 668 Wrong: 19332
[794294,794299] (34,28)
[833041,834757] (25,10)
[179187,179193] (32,37)
[564697,564706] (1,17)
[833099,834689] (28,13)
[993361,993361] (23,43)
Correct: 752 Wrong: 21248
[86762,88259] (35,1)
[158250,157525] (11,8)
[321987,321984] (24,8)
[158241,157527] (6,11)
[927187,929014] (2,39)
[212488,211028] (20,3)
Correct: 862 Wrong: 23138
[220731,220731] (20,14)
[225751,225754] (11,8)
[786462,786491] (9,37)
[929047,927168] (10,8)
[220647,220655] (26,29)
[159740,159740] (20,11)
Correct: 966 Wrong: 25034
[596849,596861] (44,19)
[995171,995171] (19,37)
[951641,951612] (16,36)
[905073,904567] (18,31)
[787962,787968] (40,22)
[605883,605662] (16,28)
Correct: 1087 Wrong: 26913
[33598,33649] (26,8)
[651421,651408] (23,8)
[234647,234653] (4,4)
[596520,596534] (0,28)
[409222,409217] (32,9)
[492233,492233] (41,5)
Correct: 1192 Wrong: 28808
[116323,116306] (46,1)
[927137,929059] (23,13)
[605639,605895] (14,37)
[220983,220989] (39,23)
[590540,590340] (10,38)
Correct: 1311 Wrong: 30689
[100689,100689] (28,20)
[392804,392785] (2,6)
[217522,217542] (9,2)
[88613,86425] (9,19)
[850256,850825] (2,2)
[851237,851240] (20,34)
Correct: 1426 Wrong: 32574
[753574,753538] (16,10)
[184422,185661] (11,31)
[217711,217694] (5,31)
[651496,651509] (13,7)
[26418,26425] (34,0)
[763954,763958] (21,2)
Correct: 1564 Wrong: 34436
[904465,905170] (31,14)
[643764,643964] (30,33)
[596558,596563] (22,2)
[116258,116264] (26,26)
[768445,768449] (29,29)
Correct: 1710 Wrong: 36290
[460949,460960] (13,20)
[217735,217746] (22,4)
[605982,605562] (27,32)
[585255,585247] (29,19)
[951353,951332] (36,13)
[832839,834951] (10,13)
Correct: 1878 Wrong: 38122
[903671,903613] (11,31)
[644022,643706] (3,46)
[46027,46027] (0,7)
[33545,33686] (5,8)
[811524,811485] (34,15)
Correct: 2080 Wrong: 39920
[484110,484103] (36,17)
[708421,708780] (23,35)
[116361,116343] (0,16)
[476604,476610] (8,50)
[582613,582615] (3,23)
[537740,537814] (1,3)
Correct: 2233 Wrong: 41767
[852155,852157] (14,25)
[909513,909453] (27,29)
[903518,903769] (12,25)
[539100,539113] (34,26)
[591710,591712] (43,3)
Correct: 2393 Wrong: 43607
[46056,46053] (21,0)
[780922,780498] (36,5)
[33716,33534] (11,21)
[606042,605502] (26,0)
[842127,841128] (22,12)
Correct: 2566 Wrong: 45434
[229634,229509] (34,5)
[207123,207124] (18,1)
[184417,185668] (1,8)
[572291,572498] (32,32)
[91197,91197] (6,4)
Correct: 2730 Wrong: 47270
[753492,753489] (35,15)
[393003,393005] (21,13)
[217820,217810] (15,9)
[100676,100676] (40,15)
[808185,808521] (5,24)
[836100,836095] (17,6)
Correct: 2950 Wrong: 49050
[585326,585332] (12,26)
[632101,632120] (1,5)
[780464,780947] (18,29)
[143692,143689] (7,25)
[236775,236802] (19,10)
Correct: 3153 Wrong: 50847
[504049,504049] (42,39)
[565925,565928] (19,21)
[120596,120564] (29,8)
[970536,970541] (34,33)
[427351,427499] (18,17)
Correct: 3342 Wrong: 52658
[470490,470485] (11,5)
[574358,101794] (12,15)
[46126,46124] (9,33)
[986816,986819] (24,18)
[537123,537123] (30,21)
[476750,476760] (31,33)
Correct: 3565 Wrong: 54435
[463985,463990] (16,27)
[564428,564426] (11,21)
[537210,537210] (28,27)
[740665,740665] (19,19)
Correct: 3831 Wrong: 56169
[687730,687709] (24,33)
[555164,555176] (32,2)
[705761,705780] (26,15)
[521423,521423] (42,31)
[392816,392825] (35,19)
Correct: 4059 Wrong: 57941
[332142,332129] (16,30)
[234811,234795] (32,20)
[737763,737763] (34,34)
[836337,836337] (28,23)
[993170,993168] (37,21)
Correct: 4316 Wrong: 59684
[582430,582411] (16,16)
[708838,708367] (8,27)
[217394,217403] (9,22)
[903480,903807] (30,5)
[80758,80750] (42,21)
Correct: 4647 Wrong: 61353
[951259,951260] (32,36)
[778651,778648] (17,15)
[106765,106787] (4,2)
[946056,946042] (30,1)
Correct: 5012 Wrong: 62988
[851134,851115] (28,12)
[476793,476796] (11,8)
[436904,436904] (5,39)
[965447,965453] (12,19)
Correct: 5391 Wrong: 64609
[641095,641104] (2,29)
[221978,221889] (7,0)
[205052,205052] (16,19)
[991856,991866] (4,16)
[734248,734248] (3,12)
Correct: 5796 Wrong: 66204
[862732,862633] (34,14)
[651162,651194] (19,8)
[615451,615455] (40,40)
[499775,499773] (1,25)
Correct: 6187 Wrong: 67813
[492811,492805] (34,4)
[740686,740706] (8,13)
[874459,874459] (7,15)
[929861,929844] (10,14)
Correct: 6560 Wrong: 69440
[728960,728954] (5,13)
[274252,274277] (4,28)
[497572,497593] (13,39)
[91170,91170] (30,5)
[310935,310948] (33,35)
Correct: 6935 Wrong: 71065
[555198,555208] (39,34)
[878604,878604] (38,10)
[499811,499810] (7,2)
[548157,548157] (36,19)
Correct: 7362 Wrong: 72638
[257727,257716] (11,37)
[205228,205228] (2,21)
[299153,299151] (16,2)
[832771,835014] (16,14)
Correct: 7818 Wrong: 74182
[781318,781319] (33,10)
[204730,204738] (15,32)
[730089,730089] (20,14)
[970346,970422] (18,19)
Correct: 8263 Wrong: 75737
[160183,160187] (24,9)
[762416,762402] (29,25)
[425049,425046] (27,14)
[979454,979454] (26,29)
Correct: 8738 Wrong: 77262
[671148,671326] (0,29)
[859826,859843] (40,30)
[778598,778584] (33,24)
[469017,469017] (0,37)
Correct: 9222 Wrong: 78778
[156454,156444] (1,13)
[291408,291408] (9,45)
[540380,540380] (37,17)
[607475,607475] (29,36)
Correct: 9718 Wrong: 80282
[571639,571645] (32,6)
[470244,470244] (17,38)
[401790,401808] (2,25)
[490158,490155] (7,27)
Correct: 10158 Wrong: 81842
[747618,747623] (5,35)
[763476,763476] (37,20)
[993121,993128] (23,32)
Correct: 10666 Wrong: 83334
[32738,32738] (22,43)
[723857,723859] (34,20)
[836372,836384] (29,11)
[874458,874458] (14,19)
Correct: 11212 Wrong: 84788
[651561,651582] (19,5)
[247938,247795] (24,23)
[632149,632164] (10,32)
[788290,788281] (36,30)
Correct: 11774 Wrong: 86226
[443666,443646] (36,3)
[488480,488480] (17,37)
[635594,635610] (10,9)
Correct: 12371 Wrong: 87629
[89559,89559] (22,41)
[696856,696862] (10,32)
[813641,813637] (43,3)
[991798,991800] (9,31)
Correct: 12882 Wrong: 89118
[116483,116471] (30,9)
[835976,835976] (29,30)
[952209,952209] (11,19)
Correct: 13398 Wrong: 90602
[698395,698390] (31,35)
[811475,811531] (4,2)
[567892,567892] (26,15)
Correct: 13928 Wrong: 92072
[891164,891164] (12,9)
[285733,285733] (9,27)
[648583,648583] (20,22)
[692158,692151] (6,9)
Correct: 14515 Wrong: 93485
[91219,91185] (15,37)
[861183,861183] (35,13)
[191946,191946] (29,14)
Correct: 15083 Wrong: 94917
[670260,670254] (30,12)
[8814,8816] (2,37)
[689093,689080] (34,7)
[47230,47216] (34,37)
Correct: 15657 Wrong: 96343
[720852,720852] (37,12)
[733603,733603] (35,29)
[374792,374771] (3,21)
Correct: 16272 Wrong: 97728
[564288,564307] (11,13)
[212711,210804] (29,24)
[920234,920250] (35,15)
Correct: 16940 Wrong: 99060
[103527,103342] (17,15)
[229697,229442] (21,7)
[950333,950333] (14,5)
Correct: 17643 Wrong: 100357
[645561,645554] (21,2)
[594743,594747] (0,9)
[743241,743226] (30,14)
Correct: 18326 Wrong: 101674
[383614,383638] (43,8)
[144025,144022] (34,40)
[31710,31710] (39,38)
Correct: 18997 Wrong: 103003
[160718,160718] (10,31)
[607073,607071] (40,31)
[322685,322670] (20,29)
Correct: 19708 Wrong: 104292
[930122,930122] (10,8)
[458584,458562] (34,2)
[58202,58175] (1,10)
Correct: 20408 Wrong: 105592
[935130,935130] (19,7)
[140522,140522] (13,31)
[319063,319118] (16,2)
Correct: 21181 Wrong: 106819
[426561,426561] (33,7)
[601706,601749] (25,4)
[882567,882588] (41,34)
Correct: 21869 Wrong: 108131
[549687,549687] (5,15)
[471621,471577] (20,40)
[565079,565091] (28,34)
Correct: 22593 Wrong: 109407
[537361,537372] (11,12)
[374764,374768] (1,39)
Correct: 23351 Wrong: 110649
[184288,185826] (9,37)
[140903,140903] (36,29)
[658961,659078] (11,3)
Correct: 24091 Wrong: 111909
[507064,507064] (12,31)
[789547,789556] (25,9)
[762413,762424] (21,25)
Correct: 24894 Wrong: 113106
[821413,821505] (32,11)
[480208,480195] (31,30)
Correct: 25713 Wrong: 114287
[728790,728790] (16,9)
[231774,231774] (1,42)
[814921,814933] (17,23)
Correct: 26538 Wrong: 115462
[571846,571846] (42,19)
[507592,507598] (32,18)
Correct: 27401 Wrong: 116599
[256986,256986] (28,20)
[556022,556022] (12,15)
[696414,696416] (20,22)
Correct: 28258 Wrong: 117742
[950706,950707] (3,35)
[430150,430150] (2,16)
Correct: 29022 Wrong: 118978
[714511,714511] (0,23)
[129751,129745] (7,33)
[932788,932778] (31,15)
Correct: 29845 Wrong: 120155
[791764,791760] (4,29)
[99297,99299] (13,35)
Correct: 30687 Wrong: 121313
[383602,383610] (3,29)
[909924,909924] (0,2)
[369336,369327] (33,5)
Correct: 31521 Wrong: 122479
[367812,367812] (27,15)
[368205,368205] (12,14)
Correct: 32400 Wrong: 123600
[607463,607483] (9,6)
[594420,594428] (39,42)
Correct: 33230 Wrong: 124770
[817480,817480] (2,4)
[436958,436958] (1,3)
[965707,965716] (18,40)
Correct: 34143 Wrong: 125857
[230437,230429] (30,44)
[742690,742690] (19,15)
Correct: 35021 Wrong: 126979
[757051,757051] (6,20)
[121882,121882] (0,22)
Correct: 35927 Wrong: 128073
[454975,454975] (3,18)
[926726,926726] (11,19)
[490482,490482] (35,14)
Correct: 36844 Wrong: 129156
[319689,319640] (25,40)
[53840,53840] (6,13)
Correct: 37767 Wrong: 130233
[950377,950378] (14,33)
[533296,533296] (42,36)
Correct: 38755 Wrong: 131245
[806231,806231] (15,26)
[524010,524010] (17,1)
Correct: 39684 Wrong: 132316
[932806,932792] (6,4)
[863739,863789] (26,36)
Correct: 40595 Wrong: 133405
[801136,801136] (10,21)
[611832,611805] (32,18)
[518130,518148] (2,8)
Correct: 41596 Wrong: 134404
[84593,84589] (35,14)
[771980,771983] (24,30)
Correct: 42574 Wrong: 135426
[619552,619562] (17,32)
[608034,608034] (18,34)
Correct: 43506 Wrong: 136494
[59356,973642] (3,35)
[329005,329005] (37,9)
Correct: 44543 Wrong: 137457
[271724,271724] (20,25)
[106495,106509] (30,4)
Correct: 45518 Wrong: 138482
[494526,494515] (38,37)
[419740,419740] (23,26)
Correct: 46547 Wrong: 139453
[340922,340891] (18,2)
[715967,715967] (14,13)
Correct: 47613 Wrong: 140387
[176373,176373] (18,38)
[638921,638923] (33,33)
Correct: 48633 Wrong: 141367
[870320,870329] (32,15)
[431607,431610] (28,6)
Correct: 49665 Wrong: 142335
[72827,72840] (22,19)
[607344,607344] (13,0)
Correct: 50634 Wrong: 143366
[92768,92768] (1,14)
[234376,234376] (41,34)
Correct: 51669 Wrong: 144331
[556176,556185] (7,9)
[425086,425088] (5,27)
Correct: 52696 Wrong: 145304
[719046,719046] (22,36)
[995945,995945] (3,6)
Correct: 53727 Wrong: 146273
[443759,443763] (10,16)
[144484,144484] (30,31)
Correct: 54756 Wrong: 147244
[194256,194256] (13,19)
[950683,950691] (21,34)
Correct: 55860 Wrong: 148140
[803502,803504] (18,15)
Correct: 56961 Wrong: 149039
[273866,273866] (13,1)
[15914,15910] (3,23)
Correct: 58028 Wrong: 149972
[292031,292031] (29,2)
[155881,155881] (3,18)
Correct: 59088 Wrong: 150912
[890724,890724] (27,11)
[81610,81610] (12,3)
Correct: 60146 Wrong: 151854
[840278,840445] (22,2)
[261962,261934] (32,20)
Correct: 61204 Wrong: 152796
[91825,91825] (28,7)
[788648,788626] (12,23)
Correct: 62287 Wrong: 153713
[508476,508476] (8,22)
Correct: 63349 Wrong: 154651
[740333,740329] (6,32)
[429308,429308] (7,29)
Correct: 64499 Wrong: 155501
[308703,308703] (12,31)
[323390,323381] (23,29)
Correct: 65588 Wrong: 156412
[572822,572828] (19,4)
Correct: 66719 Wrong: 157281
[288987,288987] (40,15)
[817495,817495] (26,19)
Correct: 67810 Wrong: 158190
[431196,431196] (21,36)
[290203,290203] (20,8)
Correct: 68990 Wrong: 159010
[594863,594863] (13,27)
[423306,423279] (20,26)
Correct: 70168 Wrong: 159832
[64179,64179] (40,28)
Correct: 71289 Wrong: 160711
[657649,657649] (34,19)
[215325,215325] (32,29)
Correct: 72368 Wrong: 161632
[194254,194248] (41,37)
Correct: 73497 Wrong: 162503
[504068,503994] (13,28)
[417079,417079] (14,10)
Correct: 74614 Wrong: 163386
[763518,763518] (31,14)
[202029,202029] (20,18)
Correct: 75774 Wrong: 164226
[226222,226215] (23,5)
Correct: 76960 Wrong: 165040
[805982,805982] (19,5)
[75128,75121] (27,11)
Correct: 78052 Wrong: 165948
[240063,240063] (35,36)
Correct: 79272 Wrong: 166728
[481606,481606] (12,37)
[921978,921978] (7,31)
Correct: 80395 Wrong: 167605
[539882,539882] (8,2)
Correct: 81587 Wrong: 168413
[676098,676062] (22,11)
[106412,106412] (18,30)
Correct: 82778 Wrong: 169222
[796470,796470] (31,37)
Correct: 83946 Wrong: 170054
[524009,524023] (35,10)
Correct: 85216 Wrong: 170784
[728982,728992] (43,18)
[53464,53464] (34,49)
Correct: 86395 Wrong: 171605
[251178,251178] (29,20)
Correct: 87503 Wrong: 172497
[868754,868754] (26,18)
[937639,937629] (4,5)
Correct: 88680 Wrong: 173320
[737436,737436] (24,18)
Correct: 89843 Wrong: 174157
[95802,95810] (40,24)
Correct: 91072 Wrong: 174928
[831497,831497] (16,22)
[811076,811076] (15,13)
Correct: 92269 Wrong: 175731
[418847,418847] (1,6)
Correct: 93497 Wrong: 176503
[957614,957614] (31,0)
Correct: 94704 Wrong: 177296
[427108,427106] (2,28)
[956058,956058] (8,1)
Correct: 95957 Wrong: 178043
[534707,534707] (47,29)
Correct: 97185 Wrong: 178815
[187122,187122] (11,34)
Correct: 98432 Wrong: 179568
[803496,803505] (27,15)
[478378,478387] (32,33)
Correct: 99641 Wrong: 180359
[96199,96199] (30,3)
Correct: 100933 Wrong: 181067
[933650,933650] (12,0)
Correct: 102179 Wrong: 181821
[445999,446022] (20,11)
Correct: 103392 Wrong: 182608
[395643,887340] (11,25)
[849103,849103] (6,24)
Correct: 104609 Wrong: 183391
[941612,941612] (3,32)
Correct: 105813 Wrong: 184187
[702891,702880] (9,1)
Correct: 107045 Wrong: 184955
[883086,883111] (31,39)
Correct: 108320 Wrong: 185680
[657621,657621] (16,14)
Correct: 109657 Wrong: 186343
[516480,516480] (33,36)
[110832,110811] (14,2)
Correct: 110872 Wrong: 187128
[128051,128041] (29,9)
Correct: 112141 Wrong: 187859
[186457,186457] (19,16)
Correct: 113437 Wrong: 188563
[243765,243765] (16,15)
Correct: 114756 Wrong: 189244
[156825,156825] (15,18)
Correct: 116099 Wrong: 189901
[114857,114853] (23,19)
[720173,720163] (11,37)
Correct: 117417 Wrong: 190583
[535500,535500] (6,5)
Correct: 118697 Wrong: 191303
[81293,81291] (9,30)
Correct: 120021 Wrong: 191979
[177399,177428] (7,34)
Correct: 121284 Wrong: 192716
[614324,614324] (29,16)
Correct: 122557 Wrong: 193443
[697028,697028] (16,17)
Correct: 123934 Wrong: 194066
[777962,777962] (37,29)
Correct: 125289 Wrong: 194711
[535370,535370] (4,17)
[693469,693465] (31,34)
Correct: 126542 Wrong: 195458
[89990,89990] (3,14)
Correct: 127796 Wrong: 196204
[735960,735946] (14,26)
Correct: 129124 Wrong: 196876
[732349,732349] (14,33)
Correct: 130449 Wrong: 197551
[206147,206147] (20,11)
Correct: 131759 Wrong: 198241
[47732,47732] (7,30)
Correct: 133102 Wrong: 198898
[118439,118439] (9,7)
Correct: 134443 Wrong: 199557
[408525,408525] (18,18)
Correct: 135783 Wrong: 200217
[593589,593589] (2,38)
Correct: 137142 Wrong: 200858
[681482,681482] (8,12)
Correct: 138553 Wrong: 201447
[33301,33301] (33,1)
Correct: 139876 Wrong: 202124
[101757,101757] (38,19)
Correct: 141242 Wrong: 202758
[311991,311991] (21,20)
Correct: 142566 Wrong: 203434
[42399,42425] (28,31)
Correct: 143882 Wrong: 204118
[474445,474445] (31,3)
Correct: 145283 Wrong: 204717
[200079,200079] (15,14)
Correct: 146666 Wrong: 205334
[406280,406284] (26,7)
Correct: 147989 Wrong: 206011
[404153,404174] (29,31)
Correct: 149340 Wrong: 206660
[810675,810668] (3,40)
Correct: 150677 Wrong: 207323
[92500,92479] (13,32)
Correct: 152067 Wrong: 207933
[411799,411817] (25,42)
Correct: 153535 Wrong: 208465
[711884,711884] (10,31)
Correct: 154918 Wrong: 209082
[793392,793392] (23,12)
Correct: 156259 Wrong: 209741
[972277,972277] (32,22)
Correct: 157644 Wrong: 210356
[830020,830020] (35,32)
Correct: 159047 Wrong: 210953
[568514,568514] (26,6)
Correct: 160403 Wrong: 211597
[799881,799877] (10,12)
Correct: 161847 Wrong: 212153
[334511,334511] (7,34)
Correct: 163217 Wrong: 212783
[720190,720190] (22,2)
Correct: 164614 Wrong: 213386
[431333,431333] (6,27)
Correct: 165999 Wrong: 214001
[196870,196870] (39,37)
Correct: 167381 Wrong: 214619
Correct: 168783 Wrong: 215217
[282253,282253] (28,5)
Correct: 170152 Wrong: 215848
[223590,223590] (25,2)
Correct: 171579 Wrong: 216421
[213931,213931] (27,4)
Correct: 173004 Wrong: 216996
[37174,37174] (10,24)
Correct: 174407 Wrong: 217593
[948823,948828] (16,21)
Correct: 175802 Wrong: 218198
[547386,547386] (16,14)
Correct: 177228 Wrong: 218772
[40791,40791] (14,1)
Correct: 178732 Wrong: 219268
Correct: 180224 Wrong: 219776
[181798,181798] (32,20)
Correct: 181638 Wrong: 220362
[799123,799123] (11,29)
Correct: 183021 Wrong: 220979
[855734,855734] (16,31)
Correct: 184448 Wrong: 221552
[271549,271548] (34,25)
Correct: 185847 Wrong: 222153
[53385,53385] (29,0)
Correct: 187258 Wrong: 222742
Correct: 188680 Wrong: 223320
[993024,993024] (19,31)
Correct: 190111 Wrong: 223889
[961990,961963] (19,10)
Correct: 191548 Wrong: 224452
[717772,717790] (22,16)
Correct: 192947 Wrong: 225053
[623372,623392] (1,37)
Correct: 194377 Wrong: 225623
[291374,291373] (12,18)
Correct: 195830 Wrong: 226170
Correct: 197220 Wrong: 226780
[846574,846574] (19,33)
Correct: 198658 Wrong: 227342
[872498,872498] (12,0)
Correct: 200109 Wrong: 227891
[756010,756010] (6,27)
Correct: 201563 Wrong: 228437
Correct: 203063 Wrong: 228937
[8553,8548] (21,14)
Correct: 204452 Wrong: 229548
[987816,987787] (4,3)
Correct: 205941 Wrong: 230059
[419631,419631] (29,36)
Correct: 207379 Wrong: 230621
Correct: 208842 Wrong: 231158
[243559,243559] (9,44)
Correct: 210314 Wrong: 231686
[32245,32245] (6,25)
Correct: 211801 Wrong: 232199
[807281,807281] (20,10)
Correct: 213297 Wrong: 232703
Correct: 214773 Wrong: 233227
[872736,872736] (21,14)
Correct: 216193 Wrong: 233807
[276815,276815] (35,29)
Correct: 217641 Wrong: 234359
Correct: 219081 Wrong: 234919
[564193,564193] (25,38)
Correct: 220563 Wrong: 235437
[774848,774848] (5,43)
Correct: 222049 Wrong: 235951
[388548,388548] (18,1)
Correct: 223502 Wrong: 236498
Correct: 225004 Wrong: 236996
[165653,165653] (33,39)
Correct: 226487 Wrong: 237513
[776773,776790] (39,19)
Correct: 227985 Wrong: 238015
Correct: 229414 Wrong: 238586
[478584,478597] (4,3)
Correct: 230823 Wrong: 239177
[345080,345110] (5,5)
Correct: 232266 Wrong: 239734
Correct: 233742 Wrong: 240258
[140623,140623] (20,38)
Correct: 235199 Wrong: 240801
[379417,379417] (32,16)
Correct: 236671 Wrong: 241329
Correct: 238146 Wrong: 241854
[428844,428844] (30,40)
Correct: 239618 Wrong: 242382
Correct: 241050 Wrong: 242950
[501646,501646] (4,41)
Correct: 242583 Wrong: 243417
[644612,644612] (37,5)
Correct: 244121 Wrong: 243879
Correct: 245636 Wrong: 244364
[423307,423309] (8,35)
Correct: 247131 Wrong: 244869
[793316,793316] (34,5)
Correct: 248580 Wrong: 245420
Correct: 250078 Wrong: 245922
[351373,351373] (30,19)
Correct: 251567 Wrong: 246433
Correct: 253084 Wrong: 246916
[171275,171268] (1,11)
Correct: 254581 Wrong: 247419
[726673,726673] (33,4)
Correct: 256087 Wrong: 247913
Correct: 257600 Wrong: 248400
[406882,406882] (13,2)
Correct: 259069 Wrong: 248931
Correct: 260511 Wrong: 249489
[901773,901773] (31,18)
Correct: 262028 Wrong: 249972
[909302,909302] (22,0)
Correct: 263536 Wrong: 250464
Correct: 265104 Wrong: 250896
[226885,226885] (16,4)
Correct: 266579 Wrong: 251421
Correct: 268100 Wrong: 251900
[277165,277166] (35,6)
Correct: 269617 Wrong: 252383
Correct: 271083 Wrong: 252917
[385856,385856] (1,28)
Correct: 272589 Wrong: 253411
[334336,334336] (0,4)
Correct: 274152 Wrong: 253848
Correct: 275624 Wrong: 254376
[484814,484800] (24,15)
Correct: 277082 Wrong: 254918
Correct: 278585 Wrong: 255415
[186298,186298] (11,5)
Correct: 280107 Wrong: 255893
Correct: 281661 Wrong: 256339
[630194,630183] (36,47)
Correct: 283213 Wrong: 256787
Correct: 284805 Wrong: 257195
[182021,182021] (6,4)
Correct: 286357 Wrong: 257643
Correct: 287905 Wrong: 258095
[725621,725621] (16,34)
Correct: 289407 Wrong: 258593
Correct: 290905 Wrong: 259095
[249936,249952] (27,23)
Correct: 292445 Wrong: 259555
Correct: 293982 Wrong: 260018
[537917,537628] (30,13)
Correct: 295472 Wrong: 260528
Correct: 297043 Wrong: 260957
[456455,456455] (7,27)
Correct: 298595 Wrong: 261405
Correct: 300078 Wrong: 261922
[283100,283100] (20,27)
Correct: 301611 Wrong: 262389
Correct: 303175 Wrong: 262825
[625509,625509] (32,40)
Correct: 304662 Wrong: 263338
Correct: 306152 Wrong: 263848
[303557,303552] (34,19)
Correct: 307673 Wrong: 264327
Correct: 309180 Wrong: 264820
[983892,983897] (18,20)
Correct: 310721 Wrong: 265279
Correct: 312316 Wrong: 265684
[762909,762909] (4,38)
Correct: 313815 Wrong: 266185
Correct: 315357 Wrong: 266643
[132330,132330] (44,44)
Correct: 316909 Wrong: 267091
Correct: 318437 Wrong: 267563
[293040,293040] (31,13)
Correct: 320024 Wrong: 267976
Correct: 321536 Wrong: 268464
Correct: 323086 Wrong: 268914
[371858,371858] (24,40)
Correct: 324665 Wrong: 269335
Correct: 326246 Wrong: 269754
[148997,148997] (28,5)
Correct: 327826 Wrong: 270174
Correct: 329379 Wrong: 270621
[752616,752611] (6,36)
Correct: 330927 Wrong: 271073
Correct: 332484 Wrong: 271516
Correct: 334052 Wrong: 271948
[934348,934337] (16,2)
Correct: 335623 Wrong: 272377
Correct: 337157 Wrong: 272843
[328882,328882] (25,6)
Correct: 338717 Wrong: 273283
Correct: 340274 Wrong: 273726
Correct: 341775 Wrong: 274225
[18850,18850] (3,3)
Correct: 343397 Wrong: 274603
Correct: 344983 Wrong: 275017
[62721,62721] (3,22)
Correct: 346545 Wrong: 275455
Correct: 348052 Wrong: 275948
[40204,40205] (8,24)
Correct: 349605 Wrong: 276395
Correct: 351212 Wrong: 276788
Correct: 352770 Wrong: 277230
[310041,310038] (15,43)
Correct: 354362 Wrong: 277638
Correct: 355918 Wrong: 278082
Correct: 357508 Wrong: 278492
[617355,617355] (34,40)
Correct: 359063 Wrong: 278937
Correct: 360639 Wrong: 279361
[417736,417736] (0,9)
Correct: 362221 Wrong: 279779
Correct: 363795 Wrong: 280205
Correct: 365397 Wrong: 280603
[617823,617823] (24,15)
Correct: 366962 Wrong: 281038
Correct: 368529 Wrong: 281471
Correct: 370139 Wrong: 281861
[173560,173566] (19,16)
Correct: 371727 Wrong: 282273
Correct: 373290 Wrong: 282710
[289561,289561] (10,11)
Correct: 374861 Wrong: 283139
Correct: 376433 Wrong: 283567
Correct: 378039 Wrong: 283961
[158899,158887] (14,22)
Correct: 379633 Wrong: 284367
Correct: 381229 Wrong: 284771
Correct: 382855 Wrong: 285145
[290961,290961] (33,9)
Correct: 384474 Wrong: 285526
Correct: 386122 Wrong: 285878
Correct: 387731 Wrong: 286269
[431452,431452] (36,4)
Correct: 389340 Wrong: 286660
Correct: 390956 Wrong: 287044
Correct: 392513 Wrong: 287487
[497294,497263] (36,33)
Correct: 394107 Wrong: 287893
Correct: 395664 Wrong: 288336
Correct: 397233 Wrong: 288767
[652618,652618] (16,29)
Correct: 398839 Wrong: 289161
Correct: 400470 Wrong: 289530
Correct: 402072 Wrong: 289928
[395839,395839] (6,20)
Correct: 403700 Wrong: 290300
Correct: 405282 Wrong: 290718
Correct: 406859 Wrong: 291141
Correct: 408441 Wrong: 291559
[109420,109420] (20,22)
Correct: 410052 Wrong: 291948
Correct: 411713 Wrong: 292287
Correct: 413330 Wrong: 292670
[74465,74497] (24,25)
Correct: 414913 Wrong: 293087
Correct: 416525 Wrong: 293475
Correct: 418163 Wrong: 293837
[687549,687559] (30,18)
Correct: 419751 Wrong: 294249
Correct: 421348 Wrong: 294652
Correct: 422981 Wrong: 295019
Correct: 424580 Wrong: 295420
[458306,458306] (14,25)
Correct: 426257 Wrong: 295743
Correct: 427890 Wrong: 296110
Correct: 429496 Wrong: 296504
[844350,844355] (18,23)
Correct: 431140 Wrong: 296860
Correct: 432774 Wrong: 297226
Correct: 434427 Wrong: 297573
Correct: 436067 Wrong: 297933
[868724,868724] (22,24)
Correct: 437756 Wrong: 298244
Correct: 439367 Wrong: 298633
Correct: 440982 Wrong: 299018
Correct: 442638 Wrong: 299362
[941180,941180] (43,27)
Correct: 444278 Wrong: 299722
Correct: 445930 Wrong: 300070
Correct: 447564 Wrong: 300436
Correct: 449216 Wrong: 300784
[745738,745738] (8,0)
Correct: 450868 Wrong: 301132
Correct: 452496 Wrong: 301504
Correct: 454132 Wrong: 301868
Correct: 455778 Wrong: 302222
[376357,376357] (8,7)
Correct: 457400 Wrong: 302600
Correct: 459006 Wrong: 302994
Correct: 460696 Wrong: 303304
Correct: 462348 Wrong: 303652
[434958,434958] (6,7)
Correct: 463988 Wrong: 304012
Correct: 465653 Wrong: 304347
Correct: 467347 Wrong: 304653
Correct: 468990 Wrong: 305010
[186142,186142] (12,15)
Correct: 470644 Wrong: 305356
Correct: 472244 Wrong: 305756
Correct: 473901 Wrong: 306099
Correct: 475565 Wrong: 306435
Correct: 477173 Wrong: 306827
[213851,213851] (4,35)
Correct: 478794 Wrong: 307206
Correct: 480437 Wrong: 307563
Correct: 482085 Wrong: 307915
Correct: 483704 Wrong: 308296
[727698,727698] (36,21)
Correct: 485388 Wrong: 308612
Correct: 487052 Wrong: 308948
Correct: 488672 Wrong: 309328
Correct: 490317 Wrong: 309683
Correct: 491954 Wrong: 310046
[295443,295443] (2,31)
Correct: 493624 Wrong: 310376
Correct: 495315 Wrong: 310685
Correct: 496932 Wrong: 311068
Correct: 498631 Wrong: 311369
Correct: 500329 Wrong: 311671
[304516,304516] (10,5)
Correct: 501964 Wrong: 312036
Correct: 503627 Wrong: 312373
Correct: 505327 Wrong: 312673
Correct: 506996 Wrong: 313004
Correct: 508687 Wrong: 313313
[17463,17463] (39,16)
Correct: 510355 Wrong: 313645
Correct: 512066 Wrong: 313934
Correct: 513723 Wrong: 314277
Correct: 515412 Wrong: 314588
Correct: 517126 Wrong: 314874
Correct: 518824 Wrong: 315176
[442519,442519] (4,4)
Correct: 520499 Wrong: 315501
Correct: 522197 Wrong: 315803
Correct: 523832 Wrong: 316168
Correct: 525512 Wrong: 316488
Correct: 527162 Wrong: 316838
Correct: 528888 Wrong: 317112
[669645,669645] (20,29)
Correct: 530599 Wrong: 317401
Correct: 532306 Wrong: 317694
Correct: 533969 Wrong: 318031
Correct: 535685 Wrong: 318315
Correct: 537430 Wrong: 318570
Correct: 539173 Wrong: 318827
[344382,344382] (8,4)
Correct: 540854 Wrong: 319146
Correct: 542566 Wrong: 319434
Correct: 544272 Wrong: 319728
Correct: 545963 Wrong: 320037
Correct: 547641 Wrong: 320359
Correct: 549334 Wrong: 320666
Correct: 551024 Wrong: 320976
[269,269] (31,8)
Correct: 552741 Wrong: 321259
Correct: 554467 Wrong: 321533
Correct: 556138 Wrong: 321862
Correct: 557817 Wrong: 322183
Correct: 559523 Wrong: 322477
Correct: 561214 Wrong: 322786
Correct: 562890 Wrong: 323110
[168429,168429] (23,25)
Correct: 564612 Wrong: 323388
Correct: 566329 Wrong: 323671
Correct: 568063 Wrong: 323937
Correct: 569761 Wrong: 324239
Correct: 571488 Wrong: 324512
Correct: 573196 Wrong: 324804
Correct: 574897 Wrong: 325103
Correct: 576639 Wrong: 325361
Correct: 578350 Wrong: 325650
[228509,228509] (26,27)
Correct: 580085 Wrong: 325915
Correct: 581818 Wrong: 326182
Correct: 583544 Wrong: 326456
Correct: 585260 Wrong: 326740
Correct: 586964 Wrong: 327036
Correct: 588732 Wrong: 327268
Correct: 590450 Wrong: 327550
Correct: 592213 Wrong: 327787
Correct: 593913 Wrong: 328087
[942391,942391] (19,32)
Correct: 595651 Wrong: 328349
Correct: 597411 Wrong: 328589
Correct: 599124 Wrong: 328876
Correct: 600873 Wrong: 329127
Correct: 602596 Wrong: 329404
Correct: 604321 Wrong: 329679
Correct: 606043 Wrong: 329957
Correct: 607788 Wrong: 330212
Correct: 609557 Wrong: 330443
Correct: 611263 Wrong: 330737
Correct: 613010 Wrong: 330990
[405083,405083] (25,29)
Correct: 614751 Wrong: 331249
Correct: 616463 Wrong: 331537
Correct: 618192 Wrong: 331808
Correct: 619926 Wrong: 332074
Correct: 621658 Wrong: 332342
Correct: 623402 Wrong: 332598
Correct: 625109 Wrong: 332891
Correct: 626841 Wrong: 333159
Correct: 628580 Wrong: 333420
Correct: 630330 Wrong: 333670
Correct: 632031 Wrong: 333969
Correct: 633737 Wrong: 334263
Correct: 635442 Wrong: 334558
[356551,356551] (16,0)
Correct: 637150 Wrong: 334850
Correct: 638831 Wrong: 335169
Correct: 640486 Wrong: 335514
Correct: 642128 Wrong: 335872
Correct: 643736 Wrong: 336264
Correct: 645318 Wrong: 336682
Correct: 646795 Wrong: 337205
Correct: 648116 Wrong: 337884
Correct: 648942 Wrong: 339058
Correct: 649045 Wrong: 340955
[319168,319167] (3,30)
Correct: 649046 Wrong: 342954
END algorithm time: Tue Dec  1 15:14:34 2015
expandOnce: 
----------RESULT----------
expandOnce results for N = 1000000; s = 1; nb_seed = 50
	common nodes count G1 and G2 = 1000000
	matched = 993000
	correct matches = 649046	 wrong matches = 343954
	recall = 0.649046
	precision = 0.653621
	F1-score = 0.651326
