Start read graph
n = 1000000
Graph created
N = 1000000
E = 771699
p = 1.5434e-06
THEOREM 1:
	n^(-1) << p <= n^(-5/6 - e) 	e = 0.001	[1/6 > e > 0]
	1e-06 << p <= 9.86279e-06 (OK)
pt = 1
ps = 1
r = 2
a_c = 209900: initial seed set.
------------------------------------
Generate G1
	generate subgraph
	V_count = 1000000
Generate G2
	generate subgraph
	V_count = 1000000
same = 1000000;  N * pt * pt = 1e+06
Noisy seeds are generated:
	before = 5; with generated = 200
Start percolation matching
M <- A_0 and Z <- A_0
while M \ Z != None do
[24005,24151] (33,32)
[24024,24115] (22,25)
[4270,4267] (12,1)
[23773,24377] (26,10)
[3819,3819] (0,37)
[3762,3761] (20,2)
[23592,24556] (18,21)
[23558,24592] (3,30)
[24797,23346] (21,20)
[4905,4906] (6,36)
[23525,24613] (4,22)
[3274,3266] (3,25)
[25039,23102] (37,29)
[25086,23066] (12,22)
[5248,5271] (0,6)
[25295,22870] (14,4)
[5442,5436] (18,38)
[22850,25286] (29,2)
[2750,2757] (31,35)
[22825,25309] (13,20)
[25603,22545] (14,31)
[5728,5722] (25,27)
[25766,22367] (20,30)
[5870,5886] (24,37)
[22369,25767] (39,18)
[2230,2230] (16,7)
[26099,22053] (9,21)
[22058,26074] (30,6)
[26229,21937] (14,15)
[6340,6365] (6,36)
[21842,26300] (11,22)
[26498,21670] (32,9)
[26389,21767] (8,1)
[26620,21539] (14,5)
[1619,1612] (21,18)
[21549,26586] (10,40)
[26846,21299] (32,9)
[21517,26608] (13,27)
[21302,26838] (31,31)
[1128,1136] (29,26)
[7072,7062] (19,28)
[7167,7160] (8,41)
[7205,7192] (2,13)
[20945,27187] (26,2)
[727,728] (15,39)
[7426,7435] (9,31)
[654,656] (18,32)
[20630,27503] (33,18)
[27631,20513] (28,20)
[7687,7688] (28,14)
[20396,27744] (19,35)
[7844,7839] (4,30)
[8028,8026] (19,4)
[8272,8271] (4,13)
[8587,8589] (17,16)
[8866,8876] (15,33)
[9079,9092] (35,3)
[9313,9315] (11,11)
[9641,9643] (10,3)
[10040,10037] (18,21)
[10351,10354] (10,34)
[10645,10639] (19,14)
[10912,10915] (37,1)
[11198,11195] (1,40)
[11494,11497] (0,11)
[19907,19924] (21,43)
[20039,20037] (32,13)
[11922,11928] (42,11)
[12033,12036] (23,34)
[19443,19437] (25,33)
[12345,12351] (22,24)
[19173,19198] (22,28)
[19014,19012] (10,20)
[18939,18944] (7,12)
[18704,18706] (25,33)
[13083,13092] (9,31)
[13235,13244] (24,27)
[18301,18295] (22,5)
[13508,13516] (9,6)
[13513,13522] (42,33)
[18011,18033] (29,5)
[13924,13928] (27,26)
[17546,17562] (31,39)
[14277,14278] (8,40)
[14335,14354] (40,38)
[17101,17107] (17,3)
[16905,16925] (26,21)
[14824,14814] (20,1)
[16619,16654] (16,31)
[14978,14980] (12,14)
[15209,15208] (33,36)
[15329,15299] (9,5)
[16150,16129] (26,20)
[15676,15674] (3,30)
ExpandOnce: 
----------RESULT----------
ExpandWhenStuck results for N = 1000000; s = 1; nb_seed = 5
	common nodes count G1 and G2 = 1000000
	matched = 27903
	correct matches = 1305	 wrong matches = 26598
	recall = 0.001305
	precision = 0.001305
	F1-score = 0.001305
	precision (correct+wrong) = 26599
	F1-score (correct+wrong) = 0.00261
