Start read graph
n = 1000000
Graph created
N = 1000000
E = 2e+07
p = 4e-05
THEOREM 1:
	n^(-1) << p <= n^(-5/6 - e) 	e = 0.001	[1/6 > e > 0]
	1e-06 << p <= 9.86279e-06 (FALSE)
pt = 1
ps = 1
r = 2
a_c = 312.499: initial seed set.
------------------------------------
Generate G1
	generate subgraph
	V_count = 1000000
Generate G2
	generate subgraph
	V_count = 1000000
same = 1000000;  N * pt * pt = 1e+06
Noisy seeds are generated:
	before = 40; with generated = 300
Start percolation matching
M <- A_0 and Z <- A_0
while M \ Z != None do
[309036,309022] (23,6)
[405700,405717] (24,7)
[244834,244819] (9,32)
[244830,244815] (0,9)
Correct: 114 Wrong: 1886
[405887,405883] (34,12)
[308899,308880] (12,34)
[22942,22809] (32,26)
[370656,370655] (36,30)
[245027,245011] (19,51)
[405672,405684] (12,17)
[308909,308887] (19,13)
Correct: 210 Wrong: 3790
[839233,839322] (31,6)
[969779,969775] (3,24)
[978964,978977] (32,1)
[244681,244681] (32,34)
[370478,370468] (33,17)
[405521,405517] (10,8)
Correct: 305 Wrong: 5695
[547140,547136] (38,10)
[707298,707291] (5,2)
[71245,71252] (28,8)
[370803,370800] (22,19)
[245084,245083] (16,19)
[560114,560114] (0,33)
[970094,970086] (28,12)
Correct: 420 Wrong: 7580
[244567,244571] (30,4)
[308659,308662] (17,13)
[406203,406197] (31,13)
[23270,22453] (3,10)
[327166,327160] (14,21)
[832821,832692] (17,32)
[832702,832826] (18,11)
Correct: 545 Wrong: 9455
[326586,326589] (4,22)
[839001,839016] (43,24)
[706689,706698] (19,11)
[22499,23242] (33,33)
[245222,245218] (3,21)
[152650,152732] (40,11)
Correct: 648 Wrong: 11352
[400788,400204] (25,3)
[309427,309425] (3,29)
[327272,327275] (28,42)
[234961,234956] (14,10)
[152774,152602] (41,27)
[832638,832875] (51,40)
Correct: 755 Wrong: 13245
[560362,560351] (15,40)
[234930,234938] (24,15)
[312297,312291] (33,40)
[838923,838934] (1,8)
[327203,327198] (38,7)
[181428,181421] (15,40)
[400721,400287] (25,19)
Correct: 858 Wrong: 15142
[23415,22321] (35,31)
[152571,152805] (5,18)
[915744,915738] (4,3)
[405239,405244] (43,32)
[833057,832477] (11,18)
[470127,470206] (4,6)
Correct: 965 Wrong: 17035
[312473,312474] (34,5)
[152832,152552] (34,40)
[70905,70896] (42,26)
[347220,6019] (7,24)
[64118,64116] (5,16)
[839540,839540] (6,3)
[547681,547682] (13,5)
Correct: 1106 Wrong: 18894
[180893,180917] (35,13)
[70857,70856] (25,12)
[326440,326445] (25,42)
[707546,707547] (38,40)
[731473,731460] (36,42)
[326353,326343] (38,22)
Correct: 1251 Wrong: 20749
[999459,999460] (30,27)
[370093,370092] (30,27)
[695732,695734] (26,7)
[292955,292951] (45,10)
[695479,695487] (0,1)
Correct: 1397 Wrong: 22603
[784524,784510] (34,15)
[999245,999241] (28,11)
[979327,979326] (6,34)
[809393,809265] (9,7)
[731582,731578] (39,24)
[24279,24287] (21,33)
Correct: 1553 Wrong: 24447
[915856,915859] (22,30)
[326341,326340] (29,16)
[34727,34703] (1,21)
[926515,926523] (22,20)
[797568,797562] (4,30)
[405101,405111] (8,3)
Correct: 1698 Wrong: 26302
[406486,406484] (3,31)
[231874,231878] (1,1)
[371183,371179] (23,21)
[193027,193209] (37,34)
[503223,503223] (23,19)
[926552,926538] (14,22)
Correct: 1867 Wrong: 28133
[312152,312152] (15,29)
[456746,456742] (36,32)
[859672,859672] (20,14)
[309664,309664] (4,31)
[309653,309656] (25,8)
Correct: 2093 Wrong: 29907
[180968,180956] (19,16)
[399961,401029] (4,41)
[461998,461997] (19,5)
[456749,456738] (24,36)
[581046,581046] (33,29)
Correct: 2285 Wrong: 31715
[245632,245623] (10,27)
[55567,55578] (26,4)
[64331,64328] (27,18)
[180742,180750] (3,33)
[131345,131338] (14,10)
[345798,345805] (24,12)
Correct: 2502 Wrong: 33498
[145510,145524] (32,5)
[186118,186117] (24,5)
[637039,637061] (8,18)
[906363,906416] (27,5)
[470278,470029] (28,35)
Correct: 2746 Wrong: 35254
[164484,164643] (2,41)
[577920,577924] (41,41)
[346127,346131] (10,9)
[113658,113652] (36,23)
[129242,129242] (32,30)
Correct: 3010 Wrong: 36990
[36214,36214] (15,11)
[72062,72069] (24,30)
[902216,902311] (32,24)
[503188,503187] (25,8)
[969114,969099] (19,31)
Correct: 3249 Wrong: 38751
[238152,238154] (42,5)
[268866,268842] (9,18)
[731240,731247] (19,40)
[449931,449927] (5,29)
[968531,968531] (18,32)
Correct: 3548 Wrong: 40452
[529507,529485] (26,11)
[481830,481833] (18,3)
[174763,174773] (13,36)
[801267,801267] (23,16)
[797471,797469] (39,33)
Correct: 3830 Wrong: 42170
[733253,733266] (7,6)
[703494,703502] (15,23)
[334068,334031] (2,13)
[345759,345774] (31,39)
Correct: 4146 Wrong: 43854
[401019,399970] (28,6)
[85475,85473] (31,31)
[243729,243574] (26,49)
[578000,578015] (23,41)
[571165,571166] (9,38)
Correct: 4479 Wrong: 45521
[470411,469936] (6,30)
[954656,954664] (26,14)
[202815,202815] (13,20)
[572348,572341] (21,18)
[289920,289920] (38,7)
Correct: 4835 Wrong: 47165
[152345,153021] (16,20)
[217199,217297] (17,34)
[946462,946475] (10,22)
[856690,856690] (7,39)
[621208,621208] (3,11)
Correct: 5177 Wrong: 48823
[222812,222810] (32,2)
[203835,203859] (15,16)
[320466,320466] (19,34)
[817398,817398] (29,21)
Correct: 5544 Wrong: 50456
[899397,899397] (9,24)
[605226,605218] (0,2)
[948938,948939] (18,22)
[62563,62583] (17,38)
[635429,635429] (24,16)
Correct: 5915 Wrong: 52085
[970531,970535] (35,12)
[288683,288715] (36,38)
[784627,784614] (8,11)
[637066,637060] (14,33)
Correct: 6354 Wrong: 53646
[823470,823472] (1,8)
[219178,219181] (18,2)
[774463,774463] (1,13)
[847129,847129] (24,16)
Correct: 6779 Wrong: 55221
[126631,126631] (20,36)
[305140,305132] (10,12)
[760346,760350] (18,20)
[999580,999564] (22,17)
Correct: 7190 Wrong: 56810
[615611,615609] (16,3)
[297045,297045] (37,13)
[350838,350697] (24,2)
[195499,195499] (18,18)
Correct: 7669 Wrong: 58331
[833277,832242] (18,32)
[96274,96106] (37,30)
[954665,954653] (12,38)
Correct: 8125 Wrong: 59875
[430663,430663] (2,0)
[572282,572260] (15,15)
[245681,245685] (30,17)
[514633,514633] (18,30)
Correct: 8650 Wrong: 61350
[288693,288711] (20,24)
[576999,576999] (30,1)
[311992,311995] (0,7)
[200930,200923] (8,20)
Correct: 9101 Wrong: 62899
[293151,293157] (25,28)
[305162,305168] (28,30)
[988,996] (16,5)
[240652,240652] (19,20)
Correct: 9657 Wrong: 64343
[789272,789272] (25,10)
[329625,329619] (1,12)
[357393,357396] (5,6)
[463623,463622] (3,20)
Correct: 10185 Wrong: 65815
[953136,953145] (5,3)
[70610,70606] (1,34)
[882968,882988] (32,5)
[468198,468207] (4,4)
Correct: 10734 Wrong: 67266
[526794,526771] (15,18)
[993574,993577] (26,21)
[86976,86958] (26,27)
Correct: 11319 Wrong: 68681
[189926,189927] (27,33)
[6435,6435] (9,34)
[295703,295703] (37,16)
[260499,260533] (11,3)
Correct: 11889 Wrong: 70111
[514524,514501] (6,34)
[265811,265811] (6,13)
[943039,943039] (14,32)
Correct: 12509 Wrong: 71491
[589586,589586] (32,40)
[173004,172988] (33,38)
[217256,217243] (36,36)
[708699,708699] (17,14)
Correct: 13091 Wrong: 72909
[819469,819459] (8,7)
[327506,327508] (21,8)
[758256,758271] (36,25)
Correct: 13736 Wrong: 74264
[260552,260490] (3,3)
[317404,317404] (13,4)
[378402,378424] (41,44)
[910353,910353] (32,11)
Correct: 14416 Wrong: 75584
[36194,36206] (5,35)
[344262,344278] (14,37)
[999077,999086] (3,38)
Correct: 15083 Wrong: 76917
[388565,388574] (2,30)
[406640,406624] (39,34)
[615738,615743] (32,12)
Correct: 15736 Wrong: 78264
[654248,654248] (38,27)
[578906,578914] (3,16)
[113428,113429] (40,19)
[827040,827040] (35,23)
Correct: 16390 Wrong: 79610
[783840,783846] (29,38)
[124252,124379] (37,20)
[624226,624226] (29,20)
Correct: 17053 Wrong: 80947
[609471,609464] (9,23)
[322049,322035] (14,15)
[655990,655990] (34,2)
Correct: 17735 Wrong: 82265
[909624,909634] (10,25)
[307893,307893] (14,6)
[660184,660181] (22,4)
Correct: 18459 Wrong: 83541
[368355,368227] (15,12)
[638358,638365] (29,29)
[115031,115028] (28,36)
Correct: 19086 Wrong: 84914
[537889,537889] (7,19)
[764847,764859] (20,8)
[539338,539338] (24,37)
Correct: 19818 Wrong: 86182
[838696,838696] (0,5)
[577841,577820] (39,12)
[863934,863876] (6,5)
Correct: 20539 Wrong: 87461
[204099,204106] (9,16)
[704333,704318] (16,1)
[983446,983437] (33,45)
Correct: 21285 Wrong: 88715
[268565,268580] (14,29)
[897264,897273] (11,42)
[881876,881876] (15,15)
Correct: 22026 Wrong: 89974
[883046,883046] (34,4)
[126527,126523] (28,8)
[602477,602499] (29,12)
Correct: 22824 Wrong: 91176
[406834,406809] (15,27)
[390531,390531] (5,4)
[279724,279724] (8,12)
Correct: 23663 Wrong: 92337
[740047,740047] (15,22)
[492372,492372] (10,26)
[535021,535013] (28,5)
Correct: 24491 Wrong: 93509
[443234,443218] (3,32)
[296026,296026] (0,14)
[809940,809940] (19,27)
Correct: 25326 Wrong: 94674
[557793,557799] (31,17)
[332561,332557] (7,29)
Correct: 26131 Wrong: 95869
[412920,412920] (2,23)
[541037,541037] (31,26)
[251329,251329] (3,11)
Correct: 26970 Wrong: 97030
[300262,300262] (23,25)
[450020,449864] (12,7)
[654246,877415] (32,8)
Correct: 27841 Wrong: 98159
[12057,12057] (18,25)
[671250,671243] (8,38)
Correct: 28700 Wrong: 99300
[150674,150690] (21,7)
[427571,427546] (20,7)
[184295,184308] (38,8)
Correct: 29517 Wrong: 100483
[704888,704888] (9,22)
[797663,797697] (7,17)
[908767,908771] (1,1)
Correct: 30450 Wrong: 101550
[427616,427625] (31,31)
[725115,725115] (10,25)
Correct: 31344 Wrong: 102656
[399857,401132] (1,36)
[304921,304921] (35,7)
Correct: 32235 Wrong: 103765
[799127,799514] (33,34)
[855252,855252] (17,16)
[806377,806377] (34,8)
Correct: 33082 Wrong: 104918
[499867,499876] (28,14)
[192132,192132] (14,14)
Correct: 33926 Wrong: 106074
[993588,993552] (43,5)
[752713,752713] (15,32)
[437868,437868] (10,38)
Correct: 34958 Wrong: 107042
[169131,169131] (1,45)
[727048,727048] (25,27)
Correct: 35900 Wrong: 108100
[800756,800756] (16,13)
[883368,883273] (39,1)
Correct: 36838 Wrong: 109162
[624154,624154] (27,33)
[607595,607609] (18,10)
Correct: 37797 Wrong: 110203
[264503,264503] (4,8)
[251166,251166] (34,8)
[468947,468947] (2,17)
Correct: 38805 Wrong: 111195
[36615,36615] (15,10)
[740867,740867] (29,34)
Correct: 39796 Wrong: 112204
[676981,676981] (26,13)
[251831,251831] (24,0)
Correct: 40748 Wrong: 113252
[658519,658519] (30,10)
[710001,709986] (20,19)
Correct: 41749 Wrong: 114251
[684796,684796] (35,3)
[32593,32591] (24,24)
Correct: 42698 Wrong: 115302
[38105,38098] (3,20)
[987250,987259] (27,36)
Correct: 43644 Wrong: 116356
[586970,586970] (21,31)
[803764,803764] (6,7)
Correct: 44665 Wrong: 117335
[129,137] (3,35)
[278553,278553] (41,47)
[664077,664077] (24,16)
Correct: 45678 Wrong: 118322
[451166,451221] (14,0)
[398235,398242] (34,48)
Correct: 46681 Wrong: 119319
[694366,694366] (26,4)
[477366,477366] (29,22)
Correct: 47720 Wrong: 120280
[576683,576683] (39,19)
[57544,57452] (27,38)
Correct: 48776 Wrong: 121224
[497283,497283] (35,7)
[284551,284551] (9,22)
Correct: 49826 Wrong: 122174
[867876,867876] (16,1)
[184646,184648] (31,3)
Correct: 50853 Wrong: 123147
[973924,973924] (9,11)
[609426,609426] (10,12)
Correct: 51878 Wrong: 124122
[378127,687919] (31,21)
[390622,390608] (6,41)
Correct: 52939 Wrong: 125061
[374728,374728] (28,4)
Correct: 53924 Wrong: 126076
[588399,588404] (31,29)
[862589,862549] (23,11)
Correct: 54967 Wrong: 127033
[411433,411433] (30,18)
[311597,311597] (16,1)
Correct: 56119 Wrong: 127881
[761377,761377] (18,1)
[144454,144454] (48,49)
Correct: 57201 Wrong: 128799
[728994,728905] (11,26)
[323433,323434] (33,6)
Correct: 58258 Wrong: 129742
[135847,135837] (24,12)
[213254,213254] (15,23)
Correct: 59352 Wrong: 130648
[189614,189614] (14,23)
Correct: 60439 Wrong: 131561
[801872,801847] (24,16)
[424061,424061] (1,29)
Correct: 61512 Wrong: 132488
[735047,735043] (16,6)
[631654,631654] (22,13)
Correct: 62642 Wrong: 133358
[499839,499800] (29,1)
Correct: 63750 Wrong: 134250
[967064,967064] (4,34)
[223624,223624] (18,44)
Correct: 64834 Wrong: 135166
[214539,214539] (37,1)
[37424,37426] (30,28)
Correct: 66002 Wrong: 135998
[903083,903081] (5,12)
[638170,638167] (22,1)
Correct: 67128 Wrong: 136872
[501416,501400] (17,22)
Correct: 68303 Wrong: 137697
[723878,723878] (0,35)
[469444,469444] (12,37)
Correct: 69421 Wrong: 138579
[426265,426265] (21,17)
[361606,361606] (28,34)
Correct: 70538 Wrong: 139462
[150093,150093] (15,31)
Correct: 71643 Wrong: 140357
[333582,333582] (27,26)
[100271,100253] (25,2)
Correct: 72755 Wrong: 141245
[261290,261290] (7,22)
Correct: 73952 Wrong: 142048
[303412,303412] (12,22)
[627598,627598] (30,27)
Correct: 75129 Wrong: 142871
[845738,845746] (38,7)
Correct: 76250 Wrong: 143750
[335678,335678] (42,15)
[146074,146090] (42,10)
Correct: 77419 Wrong: 144581
[614174,614167] (19,17)
[859060,859054] (1,12)
Correct: 78596 Wrong: 145404
[631501,631501] (29,15)
Correct: 79866 Wrong: 146134
[116735,116735] (9,22)
[609232,609248] (16,38)
Correct: 81066 Wrong: 146934
[831016,831009] (15,28)
Correct: 82247 Wrong: 147753
[702631,702613] (9,18)
[644446,644446] (17,22)
Correct: 83502 Wrong: 148498
[644140,644140] (21,13)
Correct: 84665 Wrong: 149335
[310434,310412] (19,3)
[747261,747261] (1,2)
Correct: 85902 Wrong: 150098
[96343,96343] (39,37)
Correct: 87041 Wrong: 150959
[740973,740967] (11,29)
Correct: 88363 Wrong: 151637
[107053,107053] (36,27)
[796709,796690] (37,7)
Correct: 89590 Wrong: 152410
[217744,217748] (31,34)
Correct: 90869 Wrong: 153131
[89527,89527] (3,13)
[791040,791040] (22,20)
Correct: 92101 Wrong: 153899
[815954,815954] (30,39)
Correct: 93352 Wrong: 154648
[255807,255807] (37,31)
[265697,265697] (7,1)
Correct: 94601 Wrong: 155399
[719089,719089] (0,35)
Correct: 95856 Wrong: 156144
[798567,798567] (1,40)
Correct: 97124 Wrong: 156876
[674269,674269] (1,16)
[904944,904944] (11,8)
Correct: 98330 Wrong: 157670
[267230,267230] (12,20)
Correct: 99617 Wrong: 158383
[79299,79315] (17,22)
[481435,481456] (33,10)
Correct: 100842 Wrong: 159158
[498749,498749] (16,2)
Correct: 102055 Wrong: 159945
[269010,269008] (3,18)
Correct: 103351 Wrong: 160649
[649067,649067] (23,25)
Correct: 104640 Wrong: 161360
[48695,48695] (27,36)
[256308,256301] (17,14)
Correct: 105979 Wrong: 162021
[846752,846740] (31,20)
Correct: 107237 Wrong: 162763
[504955,504955] (24,29)
Correct: 108540 Wrong: 163460
[49021,49012] (4,4)
Correct: 109863 Wrong: 164137
[243251,243251] (13,32)
[471138,471138] (2,7)
Correct: 111135 Wrong: 164865
[418864,418863] (40,14)
Correct: 112370 Wrong: 165630
[882725,882725] (27,4)
Correct: 113655 Wrong: 166345
[16217,16217] (11,3)
Correct: 114923 Wrong: 167077
[346262,346262] (11,10)
[617717,617717] (11,25)
Correct: 116202 Wrong: 167798
[156842,156837] (30,21)
Correct: 117493 Wrong: 168507
[664329,116204] (34,4)
Correct: 118755 Wrong: 169245
[481961,481961] (30,27)
Correct: 120014 Wrong: 169986
[882895,882895] (33,25)
Correct: 121370 Wrong: 170630
[703036,703024] (33,38)
Correct: 122740 Wrong: 171260
[333263,333248] (11,10)
[986967,986967] (24,15)
Correct: 124085 Wrong: 171915
[794636,794647] (21,21)
Correct: 125426 Wrong: 172574
[954378,954378] (32,15)
Correct: 126781 Wrong: 173219
[852745,852745] (7,43)
Correct: 128167 Wrong: 173833
[521699,521699] (33,19)
Correct: 129534 Wrong: 174466
[42127,42121] (16,21)
Correct: 130835 Wrong: 175165
[729522,729522] (12,19)
Correct: 132223 Wrong: 175777
[483165,483165] (42,38)
Correct: 133501 Wrong: 176499
[835973,835988] (36,8)
Correct: 134775 Wrong: 177225
[734136,734136] (32,33)
Correct: 136057 Wrong: 177943
[532410,532410] (24,22)
Correct: 137423 Wrong: 178577
[189706,189706] (33,38)
[702043,702043] (20,19)
Correct: 138733 Wrong: 179267
[545576,545576] (4,23)
Correct: 140156 Wrong: 179844
[230932,230932] (21,7)
Correct: 141600 Wrong: 180400
[593258,593258] (9,3)
Correct: 142943 Wrong: 181057
[33920,33909] (28,28)
Correct: 144302 Wrong: 181698
[520724,520724] (1,7)
Correct: 145719 Wrong: 182281
[760291,760291] (4,22)
Correct: 147059 Wrong: 182941
[15174,15174] (43,10)
Correct: 148444 Wrong: 183556
[899193,899193] (39,20)
Correct: 149808 Wrong: 184192
[945097,945097] (20,5)
Correct: 151152 Wrong: 184848
[807943,807943] (34,38)
Correct: 152535 Wrong: 185465
[851323,851323] (38,34)
Correct: 153900 Wrong: 186100
[385603,385603] (18,39)
Correct: 155218 Wrong: 186782
[428898,428898] (3,17)
Correct: 156672 Wrong: 187328
Correct: 158054 Wrong: 187946
[384027,383998] (9,2)
Correct: 159406 Wrong: 188594
[230878,230878] (25,8)
Correct: 160846 Wrong: 189154
[746626,746626] (31,2)
Correct: 162239 Wrong: 189761
[705460,705460] (12,8)
Correct: 163629 Wrong: 190371
[684013,684013] (22,30)
Correct: 164995 Wrong: 191005
[78612,78616] (29,21)
Correct: 166357 Wrong: 191643
[498417,498416] (34,40)
Correct: 167763 Wrong: 192237
[365333,365328] (2,18)
Correct: 169141 Wrong: 192859
[248084,248084] (33,17)
Correct: 170539 Wrong: 193461
[553187,553165] (28,5)
Correct: 171933 Wrong: 194067
Correct: 173349 Wrong: 194651
[643642,643642] (9,21)
Correct: 174770 Wrong: 195230
