Start read graph
n = 1000000
Graph created
N = 1000000
E = 1.94081e+06
p = 3.88162e-06
THEOREM 1:
	n^(-1) << p <= n^(-5/6 - e) 	e = 0.001	[1/6 > e > 0]
	1e-06 << p <= 9.86279e-06 (OK)
pt = 1
ps = 1
r = 2
a_c = 33185.2: initial seed set.
------------------------------------
Generate G1
	generate subgraph
	V_count = 1000000
Generate G2
	generate subgraph
	V_count = 1000000
same = 1000000;  N * pt * pt = 1e+06
Noisy seeds are generated:
	before = 5; with generated = 400
Start percolation matching
M <- A_0 and Z <- A_0
while M \ Z != None do
[60112,60115] (30,18)
[4383,4546] (15,16)
[37137,37126] (14,17)
[18066,17756] (26,3)
[18151,17652] (33,18)
[60309,59988] (10,0)
[4774,4150] (7,32)
[18226,17594] (34,2)
[17734,18081] (16,16)
[59820,60480] (20,34)
[37406,37388] (26,10)
[4938,3979] (17,42)
[4979,3930] (4,13)
[17569,18235] (23,13)
[36374,36352] (4,12)
[17623,18190] (21,22)
[36320,36305] (36,17)
[17410,18387] (23,16)
[37708,37687] (6,22)
[3822,5104] (20,30)
[36152,36132] (13,1)
[18689,17128] (28,4)
[36107,36073] (24,12)
[61144,59147] (34,23)
[59277,61005] (15,22)
[17245,18558] (39,32)
[61243,59034] (5,1)
[16948,18853] (26,25)
[38097,38081] (11,30)
[5545,3389] (20,2)
[5626,3304] (31,38)
[59044,61240] (10,32)
[5687,3225] (0,39)
[3230,5672] (0,5)
[3268,5658] (18,10)
[35769,35749] (29,32)
[38412,38403] (5,34)
[19269,16557] (36,25)
[61674,58619] (33,22)
[58784,61501] (14,38)
[38528,38510] (14,4)
[2893,6039] (21,35)
[38622,38590] (5,33)
[6071,2844] (22,13)
[19555,16250] (7,14)
[19600,16216] (8,23)
[19621,16182] (39,10)
[6232,2678] (36,9)
[2618,6300] (25,7)
[2603,6318] (11,22)
[61967,58314] (6,22)
[6361,2559] (25,14)
[62144,58137] (19,16)
[38881,38859] (8,28)
[62235,58064] (6,36)
[58127,62159] (19,19)
[2332,6582] (36,11)
[2328,6596] (42,27)
[15588,20210] (22,4)
[2304,6623] (26,17)
[20076,15735] (20,15)
[39225,39206] (7,10)
[2128,6794] (35,8)
[2019,6905] (6,37)
[6792,2115] (18,26)
[34639,34611] (11,31)
[39325,39301] (29,30)
[6861,2044] (2,22)
[20428,15363] (6,13)
[6856,2058] (20,36)
[15164,20643] (9,36)
[6992,1918] (6,17)
[39594,39565] (14,6)
[7032,1885] (3,0)
[1612,7307] (7,15)
[14951,20851] (28,7)
[14873,20932] (40,23)
[63033,57234] (9,29)
[39891,39869] (38,40)
[20838,14959] (39,0)
[14749,21023] (4,0)
[7318,1610] (27,14)
[20923,14879] (3,18)
[14679,21129] (6,18)
[33962,33950] (8,39)
[33832,33825] (38,20)
[7484,1427] (30,12)
[40231,40219] (35,37)
[7518,1392] (14,18)
[14405,21398] (17,19)
[33704,33677] (5,33)
[7699,1229] (10,19)
[56719,63578] (37,7)
[7688,1239] (5,3)
[14230,21576] (8,41)
[63642,56654] (25,10)
[40539,40540] (21,2)
[63757,56521] (15,0)
[63800,56487] (4,16)
[7989,915] (38,20)
[63765,56512] (9,7)
[21573,14228] (15,40)
[21622,14191] (22,7)
[33053,33053] (26,19)
[21666,14136] (15,28)
[8274,642] (6,17)
[40960,40951] (36,25)
[13713,22085] (18,31)
[8184,730] (12,21)
[56109,64195] (12,24)
[41120,41098] (7,36)
[41195,41185] (3,31)
[32718,32705] (4,18)
[142,8768] (2,14)
[21986,13808] (8,11)
[8516,400] (28,39)
[28,8905] (25,24)
[41353,41351] (14,11)
[64561,55698] (28,17)
[8697,211] (2,12)
[8793,114] (7,24)
[32285,32285] (9,0)
[8801,121] (4,30)
[8893,18] (14,16)
[22388,13409] (14,29)
[41703,41694] (2,23)
[64898,55381] (13,34)
[55378,64923] (30,11)
[32054,32048] (35,24)
[65034,55228] (11,9)
[12799,23011] (5,31)
[31779,31781] (15,40)
[42131,42115] (23,9)
[22855,12959] (37,18)
[65026,55248] (11,27)
[12580,23231] (13,33)
[23022,12783] (3,33)
[42411,42394] (21,6)
[54784,65515] (9,26)
[65597,54705] (18,34)
[54711,65580] (35,9)
[42532,42517] (38,20)
[42605,42600] (43,21)
[23362,12430] (16,16)
[31262,31265] (36,9)
[54437,65864] (35,19)
[31154,31163] (36,3)
[65966,54317] (6,5)
[54212,66086] (31,30)
[54169,66145] (3,5)
[23787,12012] (25,14)
[54077,66224] (22,15)
[11687,24113] (19,24)
[11627,24177] (37,9)
[66292,53987] (22,29)
[23978,11834] (30,1)
[53808,66493] (28,8)
[11450,24374] (22,32)
[24197,11604] (1,3)
[53667,66621] (37,29)
[24305,11493] (38,9)
[53576,66744] (24,37)
[43496,43487] (7,3)
[53439,66876] (31,12)
[10981,24816] (4,27)
[11016,24759] (6,35)
[24589,11214] (26,27)
[66999,53267] (38,17)
[43840,43820] (26,0)
[29981,29984] (17,32)
[53029,67270] (20,11)
[10616,25210] (40,19)
[52947,67374] (30,39)
[44141,44125] (18,17)
[29704,29704] (22,17)
[52732,67571] (19,7)
[52660,67623] (17,35)
[67511,52778] (29,35)
[25147,10650] (38,16)
[25222,10583] (29,36)
[25253,10526] (5,25)
[25309,10496] (34,34)
[52431,67878] (6,7)
[29259,29251] (35,9)
[25465,10339] (33,2)
[29114,29109] (8,40)
[52229,68077] (17,8)
[9816,26003] (24,24)
[68053,52222] (17,27)
[68160,52133] (31,29)
[25631,10165] (4,0)
[9658,26129] (26,21)
[28758,28755] (31,3)
[28650,28646] (4,25)
[9495,26310] (40,41)
[68522,51764] (34,29)
[9415,26392] (22,27)
[68696,51594] (1,15)
[26189,9608] (28,17)
[9244,26559] (3,36)
[9334,26495] (8,13)
[68901,51406] (12,34)
[51257,69049] (25,35)
[51254,69072] (29,20)
[26480,9320] (9,33)
[28115,28123] (17,26)
[8957,26854] (6,28)
[46070,46073] (15,2)
[46148,46143] (13,18)
[46199,46177] (21,24)
[27850,27826] (32,33)
[27700,27706] (5,37)
[46434,46427] (29,28)
[27539,27548] (36,24)
[50505,69799] (1,10)
[69704,50573] (27,1)
[27303,27319] (24,2)
[69852,50432] (40,12)
[46856,46848] (22,34)
[70007,50291] (14,32)
[49985,70313] (13,22)
[26924,26929] (29,25)
[49834,70482] (18,23)
[49761,70535] (38,23)
[49612,70692] (0,29)
[47536,47527] (38,25)
[47744,47720] (11,29)
[48076,48060] (28,3)
[48390,48388] (23,33)
[48704,48691] (27,10)
[49040,49015] (40,30)
[49313,49320] (10,22)
ExpandOnce: 
----------RESULT----------
ExpandWhenStuck results for N = 1000000; s = 1; nb_seed = 5
	common nodes count G1 and G2 = 1000000
	matched = 70828
	correct matches = 680	 wrong matches = 70148
	recall = 0.00068
	precision = 0.00068
	F1-score = 0.00068
	precision (correct+wrong) = 70149
	F1-score (correct+wrong) = 0.00136
