Start read graph
n = 1000000
Graph created
N = 1000000
E = 2e+07
p = 4e-05
THEOREM 1:
	n^(-1) << p <= n^(-5/6 - e) 	e = 0.001	[1/6 > e > 0]
	1e-06 << p <= 9.86279e-06 (FALSE)
pt = 1
ps = 1
r = 2
a_c = 312.499: initial seed set.
------------------------------------
Generate G1
	generate subgraph
	V_count = 1000000
Generate G2
	generate subgraph
	V_count = 1000000
same = 1000000;  N * pt * pt = 1e+06
Noisy seeds are generated:
	before = 100; with generated = 200
Start percolation matching
M <- A_0 and Z <- A_0
while M \ Z != None do
[634187,634288] (24,0)
[634362,634124] (21,0)
[665282,665360] (9,14)
[634415,634079] (14,5)
[143146,143454] (37,33)
Correct: 71 Wrong: 1929
[905056,905074] (6,1)
[905058,905063] (22,19)
[403643,403641] (7,4)
[904996,904997] (19,38)
[168571,168580] (29,28)
[143137,143447] (37,13)
[168545,168554] (17,35)
Correct: 120 Wrong: 3880
[261289,261294] (0,35)
[142930,143646] (27,25)
[403501,403503] (5,13)
[567690,567698] (24,19)
[114714,115433] (0,17)
[142883,143707] (47,5)
[567761,567627] (14,12)
Correct: 157 Wrong: 5843
[905297,905311] (10,4)
[143717,142853] (14,18)
[261505,261497] (33,26)
[260829,260827] (32,15)
[115347,114795] (16,6)
[567759,567624] (7,3)
[404353,404358] (5,31)
Correct: 178 Wrong: 7822
[143773,142834] (8,26)
[634824,633647] (0,14)
[168957,168210] (23,37)
[567893,567480] (7,36)
[665857,664757] (4,2)
[115715,114419] (16,32)
[664750,665866] (36,9)
Correct: 202 Wrong: 9798
[634918,633578] (2,22)
[142709,143878] (18,19)
[567398,567982] (6,33)
[115746,114379] (3,3)
[168131,169026] (30,40)
[142722,143875] (38,23)
[403134,403120] (8,14)
Correct: 258 Wrong: 11742
[404503,404505] (7,17)
[26600,26592] (37,27)
[261793,261792] (25,16)
[635034,633446] (22,13)
[633318,635166] (6,35)
[907982,907976] (18,39)
Correct: 343 Wrong: 13657
[928697,928697] (20,28)
[167979,169154] (27,33)
[567223,568152] (7,3)
[142433,144147] (4,10)
[928752,928768] (16,13)
[971757,971811] (29,15)
Correct: 421 Wrong: 15579
[26715,26723] (23,25)
[169278,167867] (1,33)
[26724,26719] (7,24)
[928821,928820] (30,33)
[334502,334495] (6,25)
[568186,567183] (34,26)
[567163,568209] (40,22)
Correct: 492 Wrong: 17508
[999770,208] (1,17)
[238,999713] (1,18)
[641341,641344] (21,23)
[905823,905836] (0,31)
[666120,664514] (35,24)
[169387,167777] (33,1)
Correct: 579 Wrong: 19421
[635179,633313] (27,2)
[863666,863662] (18,0)
[641299,641294] (35,30)
[116128,116130] (17,0)
[365735,365741] (19,13)
[359270,359280] (36,35)
[306,999651] (29,16)
Correct: 653 Wrong: 21347
[559705,559717] (18,10)
[334253,334266] (43,25)
[404936,404951] (24,31)
[907491,907487] (35,31)
[907455,907460] (3,10)
[144261,142339] (6,34)
Correct: 738 Wrong: 23262
[567045,568322] (17,21)
[679201,679193] (23,19)
[971526,972043] (6,42)
[929018,929024] (3,11)
[972009,971535] (1,34)
[460555,460552] (28,12)
Correct: 833 Wrong: 25167
[114088,114092] (39,3)
[442160,442147] (33,1)
[506960,506953] (36,35)
[460551,460543] (27,1)
[928989,929013] (33,41)
[167693,169457] (25,36)
Correct: 924 Wrong: 27076
[144249,142345] (41,35)
[666282,664326] (25,12)
[908262,908253] (26,24)
[632955,635528] (39,8)
[116266,116287] (37,29)
[928378,928366] (25,13)
Correct: 1033 Wrong: 28967
[262216,262211] (33,1)
[679132,679109] (5,19)
[477659,477659] (7,20)
[442216,442220] (23,24)
[908325,908327] (26,15)
[556588,556588] (23,33)
Correct: 1179 Wrong: 30821
[635300,633175] (14,29)
[260101,260092] (22,12)
[635384,633101] (32,15)
[494993,494586] (30,28)
[666306,664336] (24,8)
[559808,559625] (33,39)
Correct: 1303 Wrong: 32697
[405077,405084] (11,31)
[908349,908355] (21,0)
[402618,402610] (5,0)
[589366,589329] (12,12)
[265848,265936] (1,16)
Correct: 1446 Wrong: 34554
[167646,169502] (11,8)
[27379,27385] (20,29)
[719733,719758] (25,26)
[863288,863292] (12,26)
[546741,546732] (40,0)
Correct: 1601 Wrong: 36399
[719770,719779] (29,33)
[37742,37742] (39,19)
[495031,494558] (50,29)
[903927,903927] (24,31)
[310236,310212] (33,4)
Correct: 1786 Wrong: 38214
[641617,641614] (3,33)
[262132,262132] (7,22)
[365056,365065] (35,18)
[863804,863806] (28,20)
[334062,334051] (40,20)
Correct: 2001 Wrong: 39999
[845504,845515] (15,37)
[973586,973665] (31,9)
[929192,929195] (14,15)
[265983,265806] (8,0)
[845435,845445] (25,34)
Correct: 2193 Wrong: 41807
[568421,566956] (16,35)
[299038,299086] (2,2)
[594459,594459] (19,29)
[758467,758467] (6,2)
[876099,876099] (9,27)
Correct: 2388 Wrong: 43612
[568396,566995] (27,32)
[41414,41415] (41,23)
[220822,221133] (10,24)
[114255,114249] (8,10)
[293050,293036] (26,34)
[428002,428001] (5,34)
Correct: 2630 Wrong: 45370
[241516,241516] (8,18)
[637656,637657] (9,10)
[359735,359735] (16,28)
[668477,668483] (15,38)
[632812,635680] (11,4)
Correct: 2853 Wrong: 47147
[805060,805060] (18,17)
[702668,702678] (35,17)
[957315,957330] (38,4)
[702269,702283] (29,2)
[664283,666335] (2,44)
Correct: 3088 Wrong: 48912
[78531,78571] (41,3)
[41393,41395] (33,5)
[755224,755228] (37,23)
[156948,156792] (0,32)
[594405,594403] (0,31)
[516070,516070] (19,5)
Correct: 3315 Wrong: 50685
[559965,559477] (24,12)
[399949,399942] (18,19)
[486648,486623] (21,27)
[647767,647771] (27,1)
[604952,604631] (9,4)
Correct: 3574 Wrong: 52426
[977296,977296] (18,17)
[362178,362185] (37,39)
[273815,273809] (23,5)
[322008,322016] (19,1)
[427979,427968] (8,25)
Correct: 3834 Wrong: 54166
[591650,591640] (27,11)
[535653,535643] (11,15)
[903903,903912] (6,10)
[594443,594448] (1,18)
Correct: 4103 Wrong: 55897
[317540,317544] (23,14)
[882643,882635] (34,19)
[402482,402482] (2,32)
[116449,116462] (16,28)
[855171,855171] (20,13)
Correct: 4428 Wrong: 57572
[346894,346896] (34,1)
[976804,976814] (38,28)
[322072,322095] (13,17)
[981498,981498] (28,11)
[297727,297731] (44,1)
Correct: 4767 Wrong: 59233
[166804,166804] (8,22)
[849448,849448] (31,19)
[589464,589460] (38,15)
[176290,176290] (30,30)
[428061,428042] (19,31)
Correct: 5064 Wrong: 60936
[407020,407049] (21,16)
[520480,520528] (2,35)
[631852,631852] (16,40)
[344781,344796] (7,18)
Correct: 5432 Wrong: 62568
[558168,558168] (19,42)
[719652,719861] (17,7)
[931174,931174] (2,18)
[134586,134607] (20,13)
Correct: 5811 Wrong: 64189
[449826,449826] (3,22)
[400030,400033] (4,19)
[702445,702447] (35,25)
[92118,92122] (19,24)
Correct: 6192 Wrong: 65808
[178059,177669] (22,29)
[720448,720468] (21,8)
[747394,747413] (21,32)
[379789,379790] (19,2)
Correct: 6596 Wrong: 67404
[442340,442345] (1,22)
[160237,160263] (22,30)
[867711,663106] (30,34)
[778420,778397] (36,6)
Correct: 6992 Wrong: 69008
[935539,935548] (3,31)
[677985,677988] (42,25)
[641681,641680] (17,5)
[191161,191162] (37,15)
Correct: 7389 Wrong: 70611
[959350,959354] (44,8)
[678918,678918] (26,28)
[715722,715747] (19,40)
[580659,580639] (0,41)
Correct: 7810 Wrong: 72190
[811308,811305] (10,6)
[149160,149160] (37,24)
[156717,156643] (39,16)
[460393,460388] (26,7)
Correct: 8254 Wrong: 73746
[360078,360084] (16,1)
[989220,989198] (8,46)
[265717,266060] (21,32)
[77353,77353] (35,16)
Correct: 8683 Wrong: 75317
[708781,708771] (25,43)
[977249,977248] (8,15)
[364683,364683] (36,21)
[215642,215631] (24,20)
Correct: 9196 Wrong: 76804
[263082,263068] (29,33)
[347075,347065] (24,6)
[5891,5891] (35,21)
Correct: 9697 Wrong: 78303
[538284,538303] (26,35)
[672151,672141] (29,21)
[766288,766284] (21,38)
[983846,983847] (3,21)
Correct: 10219 Wrong: 79781
[998453,998453] (37,10)
[879240,879240] (13,34)
[957257,957261] (15,12)
[334063,334075] (52,37)
Correct: 10782 Wrong: 81218
[971082,971082] (25,38)
[41519,41515] (19,25)
[22537,22537] (12,11)
Correct: 11242 Wrong: 82758
[958354,958360] (18,9)
[731415,731415] (30,23)
[132683,132682] (28,20)
[326978,326978] (43,35)
Correct: 11838 Wrong: 84162
[181207,181201] (5,41)
[855862,855862] (12,14)
[504820,504820] (37,19)
Correct: 12439 Wrong: 85561
[266375,266375] (8,10)
[419753,419753] (18,31)
[515145,515145] (39,40)
[580834,580828] (37,39)
Correct: 13046 Wrong: 86954
[523625,523625] (1,11)
[308015,308020] (14,18)
[531679,531679] (7,6)
Correct: 13692 Wrong: 88308
[662223,662215] (14,33)
[121554,121583] (22,22)
[559404,560014] (14,0)
[857499,857507] (1,12)
Correct: 14279 Wrong: 89721
[797749,797749] (14,9)
[184980,184975] (9,1)
[236128,236133] (28,34)
Correct: 14807 Wrong: 91193
[341101,341101] (36,13)
[473571,473571] (5,7)
[853240,853240] (17,20)
Correct: 15446 Wrong: 92554
[149179,149133] (26,32)
[708766,708776] (38,38)
[459293,459293] (0,36)
Correct: 16051 Wrong: 93949
[636219,636224] (16,19)
[814118,814118] (5,11)
[196543,196195] (29,20)
Correct: 16752 Wrong: 95248
[354560,354560] (34,4)
[695121,695130] (24,16)
[895480,895480] (17,1)
Correct: 17440 Wrong: 96560
[586409,586409] (41,37)
[156268,156267] (5,19)
[995277,995277] (5,28)
Correct: 18098 Wrong: 97902
[197170,197198] (6,30)
[695111,695112] (0,22)
[144832,144832] (2,4)
Correct: 18763 Wrong: 99237
[669016,669026] (29,28)
[884162,884182] (11,35)
[974556,974567] (4,3)
Correct: 19444 Wrong: 100556
[158843,158843] (8,37)
[648317,648315] (7,9)
[938014,938014] (16,25)
Correct: 20196 Wrong: 101804
[71789,71775] (23,23)
[882277,882276] (20,9)
[492582,492563] (30,9)
Correct: 20904 Wrong: 103096
[459494,459494] (29,6)
[578114,578114] (2,2)
[223234,223229] (36,5)
Correct: 21682 Wrong: 104318
[176000,175994] (23,36)
[377235,377235] (15,32)
[50964,50964] (8,0)
Correct: 22491 Wrong: 105509
[157118,157203] (31,1)
[613870,967570] (4,12)
[806531,806531] (26,9)
Correct: 23256 Wrong: 106744
[357493,357490] (8,32)
[84900,84900] (12,23)
[289908,289908] (10,14)
Correct: 23954 Wrong: 108046
[319207,319218] (22,15)
[539157,539157] (26,7)
Correct: 24685 Wrong: 109315
[524825,524825] (22,13)
[299205,299218] (17,15)
[983822,983825] (11,18)
Correct: 25520 Wrong: 110480
[637118,637118] (29,27)
[194901,194901] (22,26)
[746417,746352] (1,24)
Correct: 26405 Wrong: 111595
[593045,593045] (25,7)
[179397,179397] (27,12)
Correct: 27227 Wrong: 112773
[876972,876963] (20,31)
[682037,681726] (12,20)
[190707,190707] (16,21)
Correct: 28050 Wrong: 113950
[692201,692201] (13,24)
[433718,433720] (16,2)
[604685,604908] (34,20)
Correct: 28848 Wrong: 115152
[834695,834702] (39,45)
[207859,207846] (36,14)
Correct: 29690 Wrong: 116310
[752410,752410] (8,16)
[733112,733105] (40,31)
Correct: 30552 Wrong: 117448
[27609,27609] (14,22)
[423382,423400] (0,33)
[700277,700270] (12,7)
Correct: 31412 Wrong: 118588
[8195,8211] (0,35)
[822009,822013] (28,3)
Correct: 32252 Wrong: 119748
[990982,991016] (27,28)
[730556,730556] (7,25)
[965270,965270] (46,15)
Correct: 33115 Wrong: 120885
[563382,563397] (11,9)
[283101,283084] (16,0)
Correct: 33980 Wrong: 122020
[221226,220730] (8,1)
[266324,266325] (41,30)
Correct: 34886 Wrong: 123114
[267365,267349] (33,36)
[446108,446049] (6,36)
[983970,983970] (21,42)
Correct: 35808 Wrong: 124192
[217748,217748] (5,32)
[597500,597500] (11,30)
Correct: 36751 Wrong: 125249
[182319,182324] (32,0)
[62600,62611] (11,42)
Correct: 37725 Wrong: 126275
[549549,549549] (14,19)
[162702,162712] (34,21)
Correct: 38592 Wrong: 127408
[536555,536555] (33,7)
[601055,601055] (3,30)
[381753,381753] (35,1)
Correct: 39621 Wrong: 128379
[423788,423788] (24,25)
[496576,496576] (42,27)
Correct: 40581 Wrong: 129419
[692645,692643] (25,6)
[993314,993321] (5,35)
Correct: 41514 Wrong: 130486
[552301,552301] (21,13)
[560241,560212] (37,29)
Correct: 42472 Wrong: 131528
[563699,563694] (23,22)
[441868,441865] (0,6)
[615494,615498] (35,14)
Correct: 43452 Wrong: 132548
[659138,659138] (34,25)
Correct: 44392 Wrong: 133608
[263464,263464] (33,13)
[765692,765705] (11,26)
[556745,556743] (13,23)
Correct: 45428 Wrong: 134572
[480432,480432] (28,3)
[160175,160175] (10,8)
Correct: 46429 Wrong: 135571
[797517,797495] (7,3)
[737563,737563] (20,32)
Correct: 47433 Wrong: 136567
[109129,109129] (5,23)
[681939,681829] (35,12)
Correct: 48531 Wrong: 137469
[848434,848440] (38,32)
[126225,126225] (25,27)
Correct: 49590 Wrong: 138410
[204853,204853] (38,33)
[45609,45609] (37,0)
Correct: 50621 Wrong: 139379
[208096,208096] (15,24)
[445319,445319] (1,30)
Correct: 51680 Wrong: 140320
[862629,862629] (19,16)
[621218,621219] (17,35)
Correct: 52759 Wrong: 141241
[506687,507268] (15,32)
[542341,542336] (8,24)
Correct: 53797 Wrong: 142203
[124403,124403] (13,6)
Correct: 54853 Wrong: 143147
[471708,471708] (2,11)
[531625,531626] (11,12)
[500998,500998] (12,12)
Correct: 55955 Wrong: 144045
[874901,874975] (33,4)
Correct: 56992 Wrong: 145008
[454270,454268] (20,31)
[257833,257833] (2,18)
Correct: 58045 Wrong: 145955
[921047,921047] (7,31)
[544091,544090] (0,35)
Correct: 59071 Wrong: 146929
[666526,664098] (42,12)
Correct: 60123 Wrong: 147877
[209065,209065] (12,32)
[637155,637147] (10,28)
Correct: 61161 Wrong: 148839
[609233,609233] (24,1)
[752731,752756] (3,3)
Correct: 62267 Wrong: 149733
[331451,331451] (13,11)
[721602,721602] (4,31)
Correct: 63319 Wrong: 150681
[762989,762989] (3,11)
Correct: 64396 Wrong: 151604
[993297,993319] (25,1)
[284560,284572] (15,14)
Correct: 65559 Wrong: 152441
[959255,959255] (6,19)
[98986,98986] (9,4)
Correct: 66639 Wrong: 153361
[477943,477943] (17,24)
[845586,845587] (42,24)
Correct: 67735 Wrong: 154265
[563644,563644] (37,25)
Correct: 68860 Wrong: 155140
[468388,468388] (30,31)
[913695,913700] (25,44)
Correct: 70030 Wrong: 155970
[477070,477074] (9,37)
Correct: 71171 Wrong: 156829
[377208,377208] (12,26)
[51696,51696] (4,33)
Correct: 72274 Wrong: 157726
[825351,825357] (15,29)
[958576,958577] (3,2)
Correct: 73458 Wrong: 158542
[579132,579132] (11,30)
Correct: 74609 Wrong: 159391
[461074,461074] (33,34)
[930265,930285] (13,38)
Correct: 75794 Wrong: 160206
[563390,563398] (21,22)
Correct: 76955 Wrong: 161045
[977688,977688] (16,27)
[445166,445166] (17,1)
Correct: 78071 Wrong: 161929
[231388,231388] (37,7)
Correct: 79182 Wrong: 162818
[942543,942543] (42,49)
[417962,417962] (21,28)
Correct: 80405 Wrong: 163595
[536522,536521] (15,40)
Correct: 81538 Wrong: 164462
[575845,575845] (4,25)
[107206,107208] (30,33)
Correct: 82720 Wrong: 165280
[443415,443415] (9,37)
[10789,10789] (0,5)
Correct: 83892 Wrong: 166108
[803927,803927] (36,27)
Correct: 85137 Wrong: 166863
[425426,425434] (18,8)
[889722,889722] (22,6)
Correct: 86316 Wrong: 167684
[474697,474697] (16,3)
Correct: 87542 Wrong: 168458
[282627,282627] (27,30)
Correct: 88694 Wrong: 169306
[651046,651035] (32,14)
[868254,868254] (29,2)
Correct: 89941 Wrong: 170059
[683998,684110] (6,18)
Correct: 91120 Wrong: 170880
[551395,551395] (18,35)
[345270,345274] (29,3)
Correct: 92375 Wrong: 171625
[747266,747266] (4,18)
Correct: 93581 Wrong: 172419
[335577,335577] (12,36)
[364850,364843] (18,11)
Correct: 94799 Wrong: 173201
[360445,360445] (0,20)
Correct: 96005 Wrong: 173995
[11943,11925] (37,46)
Correct: 97170 Wrong: 174830
[915065,915101] (34,25)
[656999,656999] (44,40)
Correct: 98405 Wrong: 175595
[449639,449633] (32,24)
Correct: 99548 Wrong: 176452
[785591,785591] (11,0)
Correct: 100754 Wrong: 177246
[645150,645150] (13,18)
Correct: 102076 Wrong: 177924
[581213,581199] (31,10)
[822200,822207] (0,18)
Correct: 103364 Wrong: 178636
[557713,557713] (7,15)
Correct: 104624 Wrong: 179376
[949585,949594] (36,38)
Correct: 105866 Wrong: 180134
[860627,860627] (13,23)
[992737,992737] (11,26)
Correct: 107117 Wrong: 180883
[397914,397914] (1,35)
Correct: 108291 Wrong: 181709
[11477,11477] (5,41)
Correct: 109556 Wrong: 182444
[643687,643687] (15,36)
Correct: 110844 Wrong: 183156
[270903,270903] (5,1)
Correct: 112127 Wrong: 183873
[208391,208391] (3,4)
[109585,109585] (19,21)
Correct: 113394 Wrong: 184606
[186046,186068] (25,30)
Correct: 114545 Wrong: 185455
[580758,580758] (22,38)
Correct: 115838 Wrong: 186162
[304721,304721] (31,28)
Correct: 117138 Wrong: 186862
[194027,194027] (33,32)
Correct: 118433 Wrong: 187567
[466772,466772] (15,37)
Correct: 119754 Wrong: 188246
[562807,562815] (27,30)
[792155,792155] (7,0)
Correct: 121078 Wrong: 188922
[888288,888288] (9,6)
Correct: 122366 Wrong: 189634
[814600,814600] (26,21)
Correct: 123724 Wrong: 190276
[94275,94275] (8,35)
Correct: 125068 Wrong: 190932
[113043,113043] (22,19)
Correct: 126438 Wrong: 191562
[409707,409710] (27,9)
Correct: 127767 Wrong: 192233
[398917,398920] (30,7)
Correct: 129182 Wrong: 192818
[773108,773108] (8,16)
[853851,853871] (5,8)
Correct: 130516 Wrong: 193484
[484924,484893] (34,35)
Correct: 131841 Wrong: 194159
[504854,504840] (29,6)
Correct: 133105 Wrong: 194895
[796543,796543] (25,0)
Correct: 134428 Wrong: 195572
[484959,484959] (15,19)
Correct: 135769 Wrong: 196231
[559008,559008] (0,37)
Correct: 137203 Wrong: 196797
[11411,11411] (4,21)
Correct: 138586 Wrong: 197414
[807059,807059] (33,15)
Correct: 139929 Wrong: 198071
[433332,433332] (21,23)
Correct: 141249 Wrong: 198751
[952772,952772] (0,26)
Correct: 142622 Wrong: 199378
[443461,443672] (23,32)
Correct: 144032 Wrong: 199968
[212065,212065] (8,27)
Correct: 145460 Wrong: 200540
[3117,3117] (2,32)
Correct: 146767 Wrong: 201233
[878251,878240] (19,37)
Correct: 148100 Wrong: 201900
[28846,28846] (19,6)
Correct: 149499 Wrong: 202501
[416865,416865] (31,12)
Correct: 150829 Wrong: 203171
[860028,860028] (26,10)
Correct: 152221 Wrong: 203779
[150050,150044] (40,20)
Correct: 153592 Wrong: 204408
[205807,205817] (5,15)
Correct: 154935 Wrong: 205065
[284289,284289] (3,21)
Correct: 156261 Wrong: 205739
[70360,70360] (7,28)
Correct: 157664 Wrong: 206336
[849323,849323] (26,5)
Correct: 159036 Wrong: 206964
[773932,773902] (41,22)
Correct: 160437 Wrong: 207563
[385062,385062] (38,8)
Correct: 161818 Wrong: 208182
[731540,731537] (7,1)
Correct: 163246 Wrong: 208754
[578816,578816] (26,20)
Correct: 164656 Wrong: 209344
Correct: 166046 Wrong: 209954
[407682,407682] (3,37)
Correct: 167413 Wrong: 210587
[495262,495273] (25,37)
Correct: 168761 Wrong: 211239
[787325,787325] (22,2)
Correct: 170139 Wrong: 211861
[161025,161025] (0,8)
Correct: 171604 Wrong: 212396
[280651,280641] (23,35)
Correct: 173018 Wrong: 212982
[980677,980677] (3,12)
Correct: 174481 Wrong: 213519
[458453,458453] (27,42)
Correct: 175891 Wrong: 214109
[368895,368882] (8,32)
Correct: 177320 Wrong: 214680
[489121,489121] (13,6)
Correct: 178753 Wrong: 215247
Correct: 180148 Wrong: 215852
[337288,337288] (27,45)
Correct: 181563 Wrong: 216437
[823502,823502] (36,24)
Correct: 183030 Wrong: 216970
[913404,913404] (12,31)
Correct: 184392 Wrong: 217608
[369277,369277] (12,33)
Correct: 185789 Wrong: 218211
[884332,884332] (8,4)
Correct: 187243 Wrong: 218757
Correct: 188623 Wrong: 219377
[726459,726459] (12,36)
Correct: 189978 Wrong: 220022
[527045,527045] (29,22)
Correct: 191414 Wrong: 220586
[967603,967595] (12,11)
Correct: 192848 Wrong: 221152
[827190,827187] (24,30)
Correct: 194236 Wrong: 221764
Correct: 195672 Wrong: 222328
[537417,537417] (31,30)
Correct: 197146 Wrong: 222854
[183505,183505] (14,42)
Correct: 198578 Wrong: 223422
[855676,855676] (14,47)
Correct: 200015 Wrong: 223985
Correct: 201413 Wrong: 224587
[324678,324678] (5,2)
Correct: 202887 Wrong: 225113
[723073,723073] (8,27)
Correct: 204298 Wrong: 225702
[628256,628257] (20,44)
Correct: 205777 Wrong: 226223
Correct: 207225 Wrong: 226775
[308785,308785] (39,24)
Correct: 208719 Wrong: 227281
[456318,456318] (19,30)
Correct: 210236 Wrong: 227764
[330080,330080] (16,17)
Correct: 211731 Wrong: 228269
Correct: 213132 Wrong: 228868
[789124,789124] (6,2)
Correct: 214585 Wrong: 229415
[636255,636168] (35,15)
Correct: 216054 Wrong: 229946
Correct: 217487 Wrong: 230513
[433323,433339] (21,3)
Correct: 218983 Wrong: 231017
[540249,540244] (28,11)
Correct: 220408 Wrong: 231592
[274172,274172] (0,19)
Correct: 221878 Wrong: 232122
Correct: 223351 Wrong: 232649
[550887,550887] (19,23)
Correct: 224820 Wrong: 233180
[768512,768491] (2,39)
Correct: 226263 Wrong: 233737
Correct: 227762 Wrong: 234238
[454182,454182] (4,5)
Correct: 229231 Wrong: 234769
[209328,209328] (15,6)
Correct: 230690 Wrong: 235310
Correct: 232161 Wrong: 235839
[281190,281190] (43,8)
Correct: 233622 Wrong: 236378
[259509,259509] (14,6)
Correct: 235094 Wrong: 236906
Correct: 236545 Wrong: 237455
[856821,856821] (4,4)
Correct: 238026 Wrong: 237974
[193862,193862] (26,4)
Correct: 239457 Wrong: 238543
Correct: 240917 Wrong: 239083
[205878,205869] (0,31)
Correct: 242392 Wrong: 239608
Correct: 243928 Wrong: 240072
[154527,154527] (28,12)
Correct: 245437 Wrong: 240563
[974218,974218] (7,4)
Correct: 246931 Wrong: 241069
Correct: 248381 Wrong: 241619
[472910,472910] (34,33)
Correct: 249890 Wrong: 242110
Correct: 251374 Wrong: 242626
[505388,505388] (13,23)
Correct: 252880 Wrong: 243120
[255085,255085] (21,24)
Correct: 254333 Wrong: 243667
Correct: 255795 Wrong: 244205
[151728,151728] (25,30)
Correct: 257282 Wrong: 244718
Correct: 258766 Wrong: 245234
[716837,716837] (11,6)
Correct: 260265 Wrong: 245735
[377509,377509] (23,10)
Correct: 261773 Wrong: 246227
Correct: 263234 Wrong: 246766
[328456,328456] (4,6)
Correct: 264762 Wrong: 247238
Correct: 266243 Wrong: 247757
[206943,206943] (12,28)
Correct: 267694 Wrong: 248306
[21945,21953] (35,10)
Correct: 269200 Wrong: 248800
Correct: 270769 Wrong: 249231
[413159,413184] (25,1)
Correct: 272284 Wrong: 249716
Correct: 273825 Wrong: 250175
[537886,537886] (24,18)
Correct: 275350 Wrong: 250650
Correct: 276835 Wrong: 251165
[218122,218122] (21,6)
Correct: 278359 Wrong: 251641
Correct: 279869 Wrong: 252131
[177406,177390] (23,18)
Correct: 281347 Wrong: 252653
[602988,602988] (38,29)
Correct: 282947 Wrong: 253053
Correct: 284460 Wrong: 253540
[245019,245020] (28,22)
Correct: 285935 Wrong: 254065
Correct: 287448 Wrong: 254552
[194198,194198] (30,20)
Correct: 288999 Wrong: 255001
Correct: 290521 Wrong: 255479
[597015,597015] (31,39)
Correct: 292071 Wrong: 255929
Correct: 293592 Wrong: 256408
[500387,500387] (13,24)
Correct: 295168 Wrong: 256832
Correct: 296709 Wrong: 257291
[736991,736991] (26,5)
Correct: 298225 Wrong: 257775
Correct: 299704 Wrong: 258296
[198038,198038] (7,34)
Correct: 301244 Wrong: 258756
Correct: 302784 Wrong: 259216
[503922,503945] (22,15)
Correct: 304301 Wrong: 259699
Correct: 305833 Wrong: 260167
[964320,964320] (11,35)
Correct: 307405 Wrong: 260595
Correct: 308949 Wrong: 261051
[319007,319007] (10,10)
Correct: 310456 Wrong: 261544
Correct: 311976 Wrong: 262024
[507480,507480] (24,5)
Correct: 313569 Wrong: 262431
Correct: 315125 Wrong: 262875
Correct: 316683 Wrong: 263317
[19875,19823] (24,14)
Correct: 318183 Wrong: 263817
Correct: 319731 Wrong: 264269
[639073,639073] (7,23)
Correct: 321312 Wrong: 264688
Correct: 322849 Wrong: 265151
[424994,424997] (2,2)
Correct: 324397 Wrong: 265603
Correct: 325967 Wrong: 266033
[886386,886373] (20,9)
Correct: 327539 Wrong: 266461
Correct: 329118 Wrong: 266882
Correct: 330684 Wrong: 267316
[615095,615095] (31,8)
Correct: 332253 Wrong: 267747
Correct: 333790 Wrong: 268210
[174768,174768] (4,1)
Correct: 335317 Wrong: 268683
Correct: 336890 Wrong: 269110
[844382,844382] (26,12)
Correct: 338434 Wrong: 269566
Correct: 339992 Wrong: 270008
Correct: 341575 Wrong: 270425
[629060,629060] (21,37)
Correct: 343126 Wrong: 270874
Correct: 344681 Wrong: 271319
[985558,985558] (12,34)
Correct: 346196 Wrong: 271804
Correct: 347744 Wrong: 272256
Correct: 349298 Wrong: 272702
[190326,190326] (4,23)
Correct: 350905 Wrong: 273095
Correct: 352437 Wrong: 273563
[511144,511144] (10,14)
Correct: 354004 Wrong: 273996
Correct: 355582 Wrong: 274418
Correct: 357169 Wrong: 274831
[545029,545029] (2,39)
Correct: 358725 Wrong: 275275
Correct: 360306 Wrong: 275694
[534835,534835] (0,7)
Correct: 361899 Wrong: 276101
Correct: 363473 Wrong: 276527
Correct: 365049 Wrong: 276951
[69378,69378] (25,12)
Correct: 366690 Wrong: 277310
Correct: 368298 Wrong: 277702
Correct: 369903 Wrong: 278097
[422102,422102] (25,37)
Correct: 371507 Wrong: 278493
Correct: 373100 Wrong: 278900
Correct: 374718 Wrong: 279282
[599935,599935] (39,21)
Correct: 376307 Wrong: 279693
Correct: 377915 Wrong: 280085
[381468,381468] (20,13)
Correct: 379520 Wrong: 280480
Correct: 381165 Wrong: 280835
Correct: 382810 Wrong: 281190
[366775,366760] (6,17)
Correct: 384347 Wrong: 281653
Correct: 385930 Wrong: 282070
Correct: 387553 Wrong: 282447
[534655,534655] (13,12)
Correct: 389134 Wrong: 282866
Correct: 390722 Wrong: 283278
Correct: 392294 Wrong: 283706
[217783,217782] (13,6)
Correct: 393929 Wrong: 284071
Correct: 395513 Wrong: 284487
Correct: 397154 Wrong: 284846
[696267,696267] (25,8)
Correct: 398750 Wrong: 285250
Correct: 400390 Wrong: 285610
Correct: 401969 Wrong: 286031
[954894,954894] (3,21)
Correct: 403587 Wrong: 286413
Correct: 405165 Wrong: 286835
Correct: 406797 Wrong: 287203
[683798,683819] (8,1)
Correct: 408421 Wrong: 287579
Correct: 409998 Wrong: 288002
Correct: 411605 Wrong: 288395
Correct: 413199 Wrong: 288801
[656237,656240] (26,11)
Correct: 414797 Wrong: 289203
Correct: 416411 Wrong: 289589
Correct: 418056 Wrong: 289944
[672356,672356] (15,2)
Correct: 419662 Wrong: 290338
Correct: 421252 Wrong: 290748
Correct: 422868 Wrong: 291132
[297502,297502] (16,5)
Correct: 424472 Wrong: 291528
Correct: 426046 Wrong: 291954
Correct: 427663 Wrong: 292337
Correct: 429291 Wrong: 292709
[708009,708027] (20,27)
Correct: 430907 Wrong: 293093
Correct: 432548 Wrong: 293452
Correct: 434201 Wrong: 293799
Correct: 435830 Wrong: 294170
[737085,737085] (5,4)
Correct: 437493 Wrong: 294507
Correct: 439149 Wrong: 294851
Correct: 440780 Wrong: 295220
[623283,623283] (24,0)
Correct: 442417 Wrong: 295583
Correct: 444064 Wrong: 295936
Correct: 445717 Wrong: 296283
Correct: 447318 Wrong: 296682
[341293,341293] (23,33)
Correct: 448945 Wrong: 297055
Correct: 450590 Wrong: 297410
Correct: 452244 Wrong: 297756
Correct: 453864 Wrong: 298136
[700425,700425] (38,8)
Correct: 455547 Wrong: 298453
Correct: 457189 Wrong: 298811
Correct: 458805 Wrong: 299195
Correct: 460469 Wrong: 299531
[515285,515285] (4,17)
Correct: 462117 Wrong: 299883
Correct: 463755 Wrong: 300245
Correct: 465412 Wrong: 300588
Correct: 467071 Wrong: 300929
[86449,86449] (2,22)
Correct: 468667 Wrong: 301333
Correct: 470281 Wrong: 301719
Correct: 471883 Wrong: 302117
Correct: 473507 Wrong: 302493
Correct: 475149 Wrong: 302851
[739579,739579] (2,3)
Correct: 476817 Wrong: 303183
Correct: 478497 Wrong: 303503
Correct: 480139 Wrong: 303861
Correct: 481803 Wrong: 304197
[368017,368002] (31,3)
Correct: 483495 Wrong: 304505
Correct: 485169 Wrong: 304831
Correct: 486825 Wrong: 305175
Correct: 488501 Wrong: 305499
Correct: 490200 Wrong: 305800
[683552,683552] (9,9)
Correct: 491867 Wrong: 306133
Correct: 493541 Wrong: 306459
Correct: 495185 Wrong: 306815
Correct: 496888 Wrong: 307112
Correct: 498562 Wrong: 307438
[211325,211325] (11,10)
Correct: 500237 Wrong: 307763
Correct: 501904 Wrong: 308096
Correct: 503599 Wrong: 308401
Correct: 505265 Wrong: 308735
Correct: 506939 Wrong: 309061
[7937,7937] (4,31)
Correct: 508617 Wrong: 309383
Correct: 510290 Wrong: 309710
Correct: 511961 Wrong: 310039
Correct: 513631 Wrong: 310369
Correct: 515289 Wrong: 310711
[103782,103782] (20,9)
Correct: 516995 Wrong: 311005
Correct: 518705 Wrong: 311295
Correct: 520401 Wrong: 311599
Correct: 522104 Wrong: 311896
Correct: 523791 Wrong: 312209
Correct: 525504 Wrong: 312496
[406672,406672] (16,10)
Correct: 527188 Wrong: 312812
Correct: 528867 Wrong: 313133
Correct: 530551 Wrong: 313449
Correct: 532224 Wrong: 313776
Correct: 533877 Wrong: 314123
Correct: 535549 Wrong: 314451
[938156,938156] (32,25)
Correct: 537250 Wrong: 314750
Correct: 538948 Wrong: 315052
Correct: 540657 Wrong: 315343
Correct: 542357 Wrong: 315643
Correct: 544060 Wrong: 315940
Correct: 545783 Wrong: 316217
[434168,434168] (16,22)
Correct: 547473 Wrong: 316527
Correct: 549191 Wrong: 316809
Correct: 550864 Wrong: 317136
Correct: 552564 Wrong: 317436
Correct: 554278 Wrong: 317722
Correct: 555937 Wrong: 318063
Correct: 557631 Wrong: 318369
[834446,834446] (9,4)
Correct: 559338 Wrong: 318662
Correct: 561073 Wrong: 318927
Correct: 562815 Wrong: 319185
Correct: 564533 Wrong: 319467
Correct: 566249 Wrong: 319751
Correct: 567967 Wrong: 320033
Correct: 569680 Wrong: 320320
Correct: 571381 Wrong: 320619
[662397,662397] (3,27)
Correct: 573106 Wrong: 320894
Correct: 574845 Wrong: 321155
Correct: 576565 Wrong: 321435
Correct: 578326 Wrong: 321674
Correct: 580057 Wrong: 321943
Correct: 581752 Wrong: 322248
Correct: 583479 Wrong: 322521
Correct: 585189 Wrong: 322811
[240434,240422] (17,17)
Correct: 586922 Wrong: 323078
Correct: 588658 Wrong: 323342
Correct: 590326 Wrong: 323674
Correct: 592061 Wrong: 323939
Correct: 593801 Wrong: 324199
Correct: 595553 Wrong: 324447
Correct: 597257 Wrong: 324743
Correct: 598977 Wrong: 325023
Correct: 600699 Wrong: 325301
Correct: 602429 Wrong: 325571
[100110,100110] (34,6)
Correct: 604188 Wrong: 325812
Correct: 605902 Wrong: 326098
Correct: 607608 Wrong: 326392
Correct: 609350 Wrong: 326650
Correct: 611096 Wrong: 326904
Correct: 612838 Wrong: 327162
Correct: 614545 Wrong: 327455
Correct: 616282 Wrong: 327718
Correct: 618022 Wrong: 327978
Correct: 619784 Wrong: 328216
Correct: 621543 Wrong: 328457
[520651,520613] (2,38)
Correct: 623249 Wrong: 328751
Correct: 624996 Wrong: 329004
Correct: 626729 Wrong: 329271
Correct: 628477 Wrong: 329523
Correct: 630215 Wrong: 329785
Correct: 631942 Wrong: 330058
Correct: 633639 Wrong: 330361
Correct: 635353 Wrong: 330647
Correct: 637076 Wrong: 330924
Correct: 638804 Wrong: 331196
Correct: 640519 Wrong: 331481
Correct: 642204 Wrong: 331796
Correct: 643870 Wrong: 332130
Correct: 645528 Wrong: 332472
Correct: 647141 Wrong: 332859
[201468,201468] (3,0)
Correct: 648727 Wrong: 333273
Correct: 650249 Wrong: 333751
Correct: 651726 Wrong: 334274
Correct: 652930 Wrong: 335070
Correct: 653450 Wrong: 336550
    matched = 999999
    correct matches = 663449     wrong matches = 336550
    recall = 0.66345
    precision = 0.66345
    F1-score = 0.66345