Start read graph
n = 1000000
Graph created
N = 1000000
E = 2e+07
p = 4e-05
THEOREM 1:
	n^(-1) << p <= n^(-5/6 - e) 	e = 0.001	[1/6 > e > 0]
	1e-06 << p <= 9.86279e-06 (FALSE)
pt = 1
ps = 1
r = 2
a_c = 312.499: initial seed set.
------------------------------------
Generate G1
	generate subgraph
	V_count = 1000000
Generate G2
	generate subgraph
	V_count = 1000000
same = 1000000;  N * pt * pt = 1e+06
Noisy seeds are generated:
	before = 10; with generated = 100
Start percolation matching
M <- A_0 and Z <- A_0
while M \ Z != None do
[238055,238028] (17,4)
[170312,170227] (32,4)
[20045,20054] (36,4)
[19613,19608] (1,0)
[238137,237948] (18,1)
[169992,170544] (13,33)
[237804,238303] (9,16)
[19389,19378] (8,4)
[20335,20335] (16,30)
[237524,238566] (33,3)
[20402,20399] (18,32)
[19227,19224] (4,12)
[170929,169607] (4,5)
[169641,170901] (47,0)
[169587,170951] (17,38)
[169538,171001] (9,36)
[171088,169445] (33,36)
[20757,20774] (39,21)
[18894,18888] (22,7)
[20807,20811] (20,26)
[171231,169314] (35,41)
[18754,18744] (10,37)
[18743,18742] (16,12)
[171422,169119] (35,11)
[18605,18604] (34,27)
[171533,169007] (5,44)
[171550,168994] (37,13)
[236672,239398] (27,8)
[171643,168881] (29,17)
[171703,168838] (10,13)
[239507,236602] (28,16)
[469201,469193] (3,34)
[18265,18258] (3,23)
[236450,239638] (12,32)
[168614,171929] (16,1)
[18152,18133] (3,2)
[168631,171909] (2,6)
[469607,469609] (8,0)
[236302,239786] (16,26)
[18029,18008] (10,42)
[469695,469701] (12,14)
[236155,239929] (40,34)
[21554,21544] (17,10)
[17904,17892] (4,32)
[469712,469705] (15,23)
[168291,172257] (5,7)
[468750,468761] (20,19)
[469916,469913] (40,38)
[240078,236011] (13,24)
[172394,168147] (18,36)
[17569,17546] (22,3)
[152767,152619] (31,24)
[468546,468547] (17,32)
[152544,152843] (10,0)
[235718,240356] (18,32)
[468528,468545] (20,26)
[469948,469954] (38,24)
[468485,468497] (19,6)
[714826,714826] (1,20)
[186811,187016] (24,17)
[92141,92137] (39,35)
[187030,186762] (29,8)
[235632,240446] (25,28)
[172555,167989] (26,9)
[187141,186669] (14,30)
[153073,152323] (11,12)
[187164,186624] (16,37)
[839116,839110] (28,20)
[17295,17283] (8,2)
[17250,17252] (36,20)
[22507,22512] (22,27)
[172743,167784] (7,3)
[240677,235415] (23,26)
[91657,91661] (16,9)
[839203,839203] (7,29)
[470454,470473] (28,27)
[468240,468252] (14,30)
[152122,153261] (7,37)
[152121,153264] (29,13)
[881050,881059] (4,12)
[17101,17106] (2,23)
[842447,842447] (16,1)
[22632,22622] (27,2)
[235351,240753] (19,30)
[22646,22650] (29,34)
[91643,91659] (34,5)
[429009,429010] (16,28)
[842188,842181] (36,19)
[839323,839323] (34,10)
[529827,529816] (5,30)
[858726,858726] (1,39)
[842193,842188] (20,13)
[529807,529807] (26,8)
[187434,186373] (6,38)
[479022,479023] (34,30)
[609723,609723] (10,5)
[151978,153407] (21,16)
[529764,529764] (44,7)
[395759,395743] (25,26)
[881244,881235] (8,10)
[395838,395833] (26,40)
[151965,153415] (2,6)
[131468,131321] (19,22)
[888387,888382] (8,40)
[831745,831806] (26,9)
[91458,91454] (10,22)
[226391,226384] (12,1)
[479085,479086] (6,25)
[858843,858842] (3,16)
[881273,881286] (10,11)
[61907,61906] (5,21)
[429529,429550] (30,23)
[268419,268447] (21,44)
[1051,1042] (5,36)
[842062,842072] (32,32)
[429604,429612] (31,7)
[280157,280157] (7,39)
[487996,487986] (24,35)
[467959,467978] (1,27)
[467976,467985] (39,35)
[945847,945848] (38,8)
[400965,400960] (19,32)
[231464,231472] (30,18)
[467949,467974] (28,36)
[218375,218375] (3,1)
[373038,373445] (14,2)
[742970,742970] (8,36)
[380097,380100] (9,27)
[742707,742704] (19,18)
[100987,101001] (19,3)
[100983,100985] (31,34)
[280171,280129] (0,8)
[504951,504887] (2,29)
[231677,231690] (30,24)
[166715,166715] (35,18)
[954683,954693] (31,0)
[298063,298071] (26,17)
[802708,802702] (21,32)
[812652,812640] (35,1)
[131238,131559] (38,35)
[429680,429677] (17,12)
[262459,262469] (11,11)
[832345,832217] (12,38)
[262451,262452] (33,8)
[945805,945794] (16,45)
[839571,839564] (7,5)
[288010,288010] (26,20)
[487641,487631] (42,22)
[174657,174777] (37,37)
[741879,741822] (10,29)
[610008,610008] (8,37)
[943874,943850] (8,38)
[475058,475051] (5,6)
[402024,401986] (25,6)
[241010,235068] (37,13)
[137449,137462] (9,29)
[213984,213984] (33,1)
[790535,790513] (19,26)
[1182,952] (36,42)
[402015,401998] (7,9)
[602076,602129] (35,40)
[634409,634421] (3,13)
[86559,86560] (38,9)
[819217,819223] (0,36)
[728962,729122] (29,33)
[849834,849792] (22,10)
[838712,838717] (7,1)
[401941,401935] (13,9)
[381593,381566] (26,2)
[173072,173076] (42,1)
[306642,306642] (14,1)
[396028,396035] (38,22)
[784780,784803] (23,11)
[847113,847102] (5,34)
[318117,318117] (23,14)
[709509,709509] (8,32)
[231387,231402] (16,15)
[453036,453036] (26,7)
[943879,943883] (13,7)
[762113,762113] (14,16)
[60844,60844] (25,18)
[791247,791214] (5,26)
[659876,659861] (8,40)
[888179,888179] (39,3)
[173133,173128] (16,5)
[16707,16703] (16,1)
[868117,868108] (16,34)
[967652,967930] (35,34)
[791717,791717] (17,25)
[249115,249115] (8,27)
[475760,475760] (19,16)
[954760,954750] (11,12)
[841779,841806] (24,10)
[206496,206511] (24,32)
[633742,633904] (11,44)
[317855,317857] (5,11)
[926189,926224] (24,41)
[704361,704372] (6,0)
[145562,145562] (20,13)
[78903,78903] (6,42)
[198857,198857] (39,33)
[874666,874691] (27,2)
[90451,90451] (19,5)
[312037,312037] (4,3)
[664407,664394] (7,17)
[313959,313956] (34,2)
[31557,31560] (6,5)
[243455,243443] (3,2)
[31549,31562] (11,4)
[609655,609647] (45,30)
[933,1196] (0,36)
[309637,309637] (21,8)
[125802,125802] (16,6)
[131654,131131] (36,15)
[557503,557446] (10,14)
[364183,364275] (27,36)
[493795,493795] (4,24)
[962960,962965] (13,22)
[791123,791123] (17,19)
[312035,312034] (17,8)
[776269,776269] (2,45)
[199935,199927] (17,8)
[894454,894561] (3,31)
[494269,494353] (38,4)
[804775,804780] (29,15)
[744276,744236] (35,26)
[23779,23614] (21,9)
[921302,921291] (5,40)
[906620,906647] (6,36)
[838611,838601] (17,5)
[491303,491326] (31,1)
[474777,474815] (15,37)
[557528,557528] (23,24)
[145545,145574] (28,8)
[885923,885845] (19,32)
[718076,718076] (28,22)
[117380,117385] (13,16)
[870374,870381] (0,30)
[155976,155976] (24,1)
[86543,86530] (12,28)
[425517,425517] (13,45)
[992892,992908] (40,30)
[988883,988870] (34,18)
[812679,812678] (1,48)
[510517,510506] (35,30)
[194861,194848] (28,6)
[104586,104586] (36,27)
[191158,191158] (11,30)
[66837,66827] (19,0)
[866958,866958] (30,7)
[905314,905327] (7,27)
[788295,788336] (10,21)
[556433,556382] (2,6)
[291559,291559] (12,1)
[966376,966384] (4,14)
[915682,915682] (17,31)
[769338,769338] (30,15)
[59643,59643] (20,38)
[317776,317784] (16,12)
[345214,345228] (17,31)
[351225,351227] (15,36)
[96338,96320] (24,15)
[697747,407230] (17,45)
[557580,557564] (27,25)
[613951,613951] (21,11)
[817538,817526] (13,39)
[83109,83038] (33,2)
[593984,593983] (28,32)
[486578,486579] (8,26)
[91181,91192] (35,10)
[495960,495968] (30,37)
[488140,488153] (27,30)
[939577,939700] (12,21)
[625874,625877] (27,6)
[548133,548130] (41,37)
[279125,279125] (32,10)
[86658,86650] (14,14)
[801712,801714] (35,32)
[856481,856466] (0,13)
[413157,413161] (24,38)
[835906,835906] (21,27)
[846575,846568] (35,9)
[954749,954735] (18,34)
[464350,464317] (23,2)
[59343,59365] (11,28)
[40485,40485] (34,4)
[95903,95978] (3,37)
[374726,374712] (9,21)
[431077,431082] (9,18)
[15643,15643] (37,18)
[798963,798963] (8,6)
[148686,148711] (14,24)
[961203,961202] (23,13)
[234150,234138] (15,8)
[401665,401665] (32,29)
[479565,479574] (26,23)
[602388,602388] (24,8)
[141903,141903] (19,13)
[306599,306595] (30,9)
[299948,299920] (6,6)
[6933,6925] (28,6)
[662589,662581] (45,36)
[717991,717998] (17,24)
[222438,222392] (21,14)
[789101,789041] (22,25)
[166454,166454] (28,6)
[183172,183172] (23,28)
[247661,247644] (6,36)
[454143,454143] (0,30)
[414390,414390] (8,2)
[461985,461985] (8,44)
[338995,975513] (11,36)
[502342,502330] (37,22)
[528938,528920] (26,4)
[90149,90143] (14,25)
[177036,177036] (17,27)
[997047,997047] (30,40)
[413155,413138] (19,25)
[202283,202283] (10,23)
[663152,663152] (14,4)
[778273,778280] (31,22)
[791090,791086] (15,21)
[303920,303912] (34,30)
[906810,906812] (5,21)
[459632,177404] (4,3)
[904793,904793] (18,39)
[936561,936560] (27,8)
[891918,891918] (6,8)
[649650,649631] (24,41)
[304169,304163] (28,1)
[420002,420002] (11,16)
[271041,271041] (35,18)
[398609,398626] (27,31)
[255380,255380] (2,23)
[982976,982976] (36,33)
[289522,289539] (8,42)
[666838,666838] (37,37)
[314714,314714] (37,11)
[622737,622751] (6,19)
[283836,283837] (34,31)
[823033,823033] (2,10)
[355273,355273] (8,14)
[686367,686367] (25,15)
[60025,60025] (13,32)
[685081,685081] (34,22)
[401688,401643] (6,5)
[954953,954969] (5,23)
[709002,709002] (36,0)
[816390,816401] (2,13)
[940872,940872] (29,16)
[270125,270125] (15,24)
[382587,382585] (28,40)
[333020,333020] (41,8)
[572166,572177] (5,10)
[839740,839740] (21,10)
[615512,615548] (31,14)
[11377,11377] (9,8)
[555484,555447] (18,20)
[856642,856642] (4,9)
[921898,921911] (17,29)
[740815,740810] (3,9)
[64087,64087] (22,30)
[893233,893233] (27,13)
[328281,328281] (8,24)
[138712,138712] (15,8)
[69450,69450] (15,33)
[851207,851207] (3,12)
[522937,522929] (32,5)
[658654,658654] (30,30)
[825390,825398] (26,15)
[717972,717976] (9,6)
[431082,431077] (38,29)
[786051,786051] (2,7)
[65595,65591] (41,7)
[884410,884410] (23,33)
[131790,131767] (1,23)
[876617,876631] (24,5)
[54398,54376] (16,35)
[393602,393602] (0,2)
[574110,574105] (41,9)
[659550,659545] (29,7)
[994252,994259] (1,28)
[689583,689583] (8,14)
[527133,527133] (20,34)
[734469,734469] (32,13)
[819884,819912] (3,28)
[858312,858312] (7,5)
[951718,951731] (31,5)
[149947,149929] (35,34)
[599548,599548] (19,6)
[880540,880540] (44,20)
[78355,78334] (14,20)
[766309,766309] (25,7)
[997035,997067] (30,27)
[683097,683701] (6,18)
[566485,566485] (15,40)
[866384,866384] (7,8)
[554407,554407] (1,17)
[506645,506650] (36,27)
[991783,991783] (23,0)
[96144,96144] (11,0)
[230247,230247] (27,7)
[369160,369174] (33,5)
[773165,773171] (11,30)
[967181,967181] (12,28)
[445516,445516] (22,16)
[212383,212383] (9,15)
[385945,385950] (1,24)
[641656,641656] (14,23)
[599555,599557] (1,11)
[700053,700053] (19,26)
[596258,596258] (7,9)
[545254,545254] (21,0)
[215483,215483] (8,40)
[572162,572179] (22,29)
[973082,973080] (8,30)
[994377,994377] (34,20)
[985650,985650] (43,42)
[117425,117407] (13,8)
[745295,745295] (2,11)
[59698,59706] (12,33)
[514802,514802] (35,19)
[689537,689543] (13,14)
[464293,464289] (34,20)
[198486,198486] (0,18)
[802815,802829] (17,24)
[619328,619328] (2,7)
[643491,643491] (18,9)
[749143,749133] (33,11)
[313623,313623] (11,8)
[12852,12852] (5,10)
[339837,339837] (1,16)
[826184,826184] (14,21)
[381284,381284] (30,10)
[946978,946978] (5,19)
[729934,729934] (18,20)
[80872,80872] (1,17)
[560555,560553] (38,9)
[792668,792668] (8,35)
[829529,829529] (15,17)
[202741,202741] (35,31)
[974954,974954] (22,12)
[893053,893053] (11,29)
[379663,379663] (4,15)
[886630,886630] (42,5)
[141545,141521] (25,17)
[913708,913708] (27,24)
[112437,112463] (32,16)
[699154,699154] (9,36)
[568848,568848] (35,16)
[779903,779903] (35,6)
[396440,396440] (12,8)
[92774,92784] (33,11)
[411813,411813] (16,28)
[630305,630305] (14,29)
[544119,544119] (16,16)
[50903,50903] (35,27)
[336176,336176] (25,35)
[893254,893254] (25,22)
[640466,640466] (17,28)
[288690,288682] (30,40)
[74742,74742] (9,16)
[580214,580214] (26,14)
[198795,198807] (21,14)
[785505,785505] (3,5)
[372329,372331] (2,26)
[785611,785611] (10,20)
[207667,207667] (2,23)
[601350,601350] (39,39)
[724366,724323] (25,29)
[5331,5331] (28,43)
[459136,459136] (22,32)
[587920,587913] (36,34)
[834526,834526] (30,14)
[332962,332962] (33,13)
[102999,102999] (33,36)
[284536,284536] (28,6)
[927827,927827] (2,36)
[993398,993398] (31,11)
[147482,147482] (11,9)
[853220,853229] (7,22)
[524763,524763] (1,22)
[989534,989534] (6,22)
[638054,638054] (3,28)
[834734,834761] (33,4)
[390792,390773] (20,11)
[770083,770083] (8,2)
[685372,685372] (6,5)
[754839,754849] (4,33)
[135494,135494] (10,26)
[197399,197399] (6,29)
[52445,52438] (11,22)
[414876,414876] (35,25)
[737068,737068] (28,3)
[961164,961168] (21,44)
[348557,348557] (35,0)
[79449,79449] (30,23)
[774829,774829] (27,20)
[698411,698411] (29,16)
[184282,184312] (45,30)
[599341,599341] (13,27)
[296503,296482] (40,34)
[639989,639984] (19,41)
[632506,632509] (27,28)
[113584,113584] (5,7)
[630767,630767] (0,22)
[437751,437751] (0,18)
[536681,536681] (2,15)
[965378,965378] (4,41)
[989265,989265] (3,48)
[248732,248732] (18,6)
[745967,745967] (10,19)
[657375,657375] (20,29)
[149452,149452] (21,4)
[609207,609231] (4,2)
[859969,859969] (14,16)
[417034,417034] (34,9)
[444187,444187] (0,14)
[809184,809184] (1,0)
[659083,659083] (19,31)
[353430,569943] (10,12)
[76721,76721] (35,36)
[918775,918772] (33,7)
[857326,857326] (31,1)
[780507,780507] (10,28)
[643605,643605] (0,29)
[618778,618778] (16,33)
[596701,596699] (2,7)
[592802,592775] (25,36)
[580314,580318] (20,34)
[119530,119530] (32,38)
[724909,724909] (31,22)
[208467,208459] (35,28)
[286440,286436] (10,14)
[628978,628978] (34,19)
[64004,64004] (6,0)
[552402,552411] (23,30)
[329434,329434] (9,36)
[56480,56480] (2,7)
[657187,657216] (7,15)
[647052,647052] (3,40)
[286305,286305] (16,3)
[494422,494422] (11,33)
[344247,344247] (10,0)
[432165,432165] (36,27)
[179998,179991] (22,32)
[801709,801713] (26,33)
[349062,349062] (28,27)
[793665,793665] (19,23)
[462928,462928] (8,30)
[486514,486515] (7,35)
[509406,509406] (25,16)
[185994,185994] (34,15)
[515087,515091] (24,28)
[41463,41463] (35,27)
[451548,451541] (28,5)
[740864,740864] (7,14)
[110764,110764] (35,9)
[638268,638268] (33,13)
[7188,7188] (2,32)
[388512,388514] (0,19)
[574559,574559] (19,14)
[507701,507701] (5,35)
[579514,579514] (2,17)
[775407,775411] (36,19)
[197109,197109] (2,21)
[889213,889212] (22,16)
[301819,301818] (39,26)
[979619,979607] (6,43)
[862958,862958] (30,37)
[708390,708382] (19,5)
[341372,341372] (10,19)
[443443,443500] (18,32)
[757217,757223] (24,14)
[243170,243170] (31,12)
[182405,182405] (21,12)
[716990,716990] (15,24)
[292108,292112] (37,27)
[227836,227836] (27,33)
[25458,25458] (1,11)
[576300,576300] (1,5)
[904731,904731] (18,26)
[228772,228770] (10,5)
[767833,767833] (30,28)
[6832,6832] (7,1)
[717634,717634] (5,5)
[680181,680185] (7,32)
[763456,763460] (4,12)
[980668,980656] (0,31)
[126642,126642] (27,34)
[739313,739313] (16,13)
[544998,544998] (20,40)
[488436,488436] (13,22)
[456955,456955] (30,2)
[715677,715677] (0,6)
[759539,759539] (21,29)
[279314,279314] (23,7)
[892181,892137] (10,39)
[771667,771672] (4,24)
[533339,533339] (5,7)
[25334,25334] (24,24)
[395215,395215] (0,5)
[537237,537237] (10,28)
[789792,789793] (48,32)
[4515,4515] (12,11)
[559393,559393] (31,28)
[507937,507937] (24,33)
[807429,807429] (23,25)
[785521,785521] (30,3)
