Start read graph
n = 1000000
Graph created
N = 1000000
E = 2e+07
p = 4e-05
THEOREM 1:
	n^(-1) << p <= n^(-5/6 - e) 	e = 0.001	[1/6 > e > 0]
	1e-06 << p <= 9.86279e-06 (FALSE)
pt = 1
ps = 1
r = 2
a_c = 312.499: initial seed set.
------------------------------------
Generate G1
	generate subgraph
	V_count = 1000000
Generate G2
	generate subgraph
	V_count = 1000000
same = 1000000;  N * pt * pt = 1e+06
Noisy seeds are generated:
	before = 100; with generated = 700
Start percolation matching
M <- A_0 and Z <- A_0
while M \ Z != None do
[38378,38351] (35,6)
[354435,354441] (14,40)
[483410,483499] (36,12)
Correct: 101 Wrong: 1899
[38436,38443] (16,13)
[907936,907913] (20,16)
[715290,715388] (31,10)
[990088,990088] (33,36)
[360426,360564] (33,9)
[521188,521188] (30,0)
Correct: 160 Wrong: 3840
[783966,783956] (26,28)
[891120,891133] (30,32)
[696577,696581] (16,16)
[726851,727125] (12,28)
[653341,653280] (44,26)
[483318,483596] (19,36)
Correct: 256 Wrong: 5744
[313041,313042] (34,3)
[899844,899848] (1,15)
[443099,443102] (35,25)
[443214,443223] (27,18)
[35890,36252] (17,28)
[905299,905295] (22,25)
Correct: 339 Wrong: 7661
[446975,447043] (26,22)
[770797,770802] (1,10)
[415222,415232] (21,8)
[215809,215818] (1,0)
[618387,618374] (16,4)
[360651,360346] (15,3)
Correct: 417 Wrong: 9583
[726732,727245] (31,1)
[784027,784018] (9,3)
[38642,38645] (35,34)
[653345,653269] (7,34)
[584918,584910] (6,22)
[653179,653439] (9,31)
[25357,25869] (26,26)
Correct: 477 Wrong: 11523
[839362,839362] (35,25)
[415282,415283] (10,25)
[215766,215777] (26,21)
[770450,770462] (18,35)
[905398,905393] (27,16)
[382962,382942] (15,8)
Correct: 547 Wrong: 13453
[382966,382935] (20,32)
[153562,154059] (17,6)
[153548,154069] (17,15)
[661641,661562] (7,7)
[905169,905183] (17,23)
[618678,618670] (36,24)
Correct: 653 Wrong: 15347
[905606,905607] (1,0)
[726677,727314] (47,33)
[414829,414834] (28,28)
[38717,38706] (9,4)
[946251,946678] (20,23)
[726755,727222] (7,22)
[990323,990325] (27,30)
Correct: 737 Wrong: 17263
[153502,154121] (38,31)
[770409,770401] (13,9)
[585025,585018] (14,1)
[900351,900351] (31,14)
[383023,383013] (33,19)
[442948,442960] (43,12)
Correct: 796 Wrong: 19204
[907666,907672] (22,15)
[653558,653042] (24,22)
[424060,424271] (13,8)
[599602,599634] (9,7)
[990319,990315] (23,15)
[415385,415370] (14,1)
Correct: 875 Wrong: 21125
[38682,38690] (0,9)
[891560,891557] (7,7)
[663521,663526] (25,7)
[354213,354212] (21,31)
[800291,800201] (3,30)
[661589,661583] (13,11)
Correct: 947 Wrong: 23053
[447163,446849] (10,26)
[520983,520974] (30,19)
[38014,38014] (41,17)
[215620,215608] (36,19)
[312850,313253] (21,33)
[869852,164825] (34,35)
[945283,945283] (25,13)
Correct: 1060 Wrong: 24940
[652997,653606] (26,27)
[989709,989701] (36,14)
[946721,946223] (32,36)
[199546,199549] (15,2)
[215992,215985] (15,26)
[663508,663485] (24,12)
Correct: 1164 Wrong: 26836
[989636,989639] (2,29)
[762503,762499] (15,16)
[586935,586944] (17,9)
[869837,869842] (2,29)
[405003,405041] (16,22)
[599550,599552] (8,2)
Correct: 1264 Wrong: 28736
[270516,270488] (22,27)
[308655,308338] (31,28)
[272839,272862] (17,30)
[652962,653651] (32,22)
[653004,653621] (25,8)
[312913,313186] (43,36)
Correct: 1373 Wrong: 30627
[357114,216934] (11,25)
[762461,762465] (1,32)
[843550,843540] (2,34)
[722005,721839] (38,1)
[346442,346539] (39,35)
[696248,696243] (34,10)
Correct: 1499 Wrong: 32501
[354969,354964] (20,21)
[270578,270572] (15,8)
[154222,153385] (32,6)
[715720,714968] (18,28)
[908470,908470] (13,29)
Correct: 1637 Wrong: 34363
[618888,618878] (23,25)
[681618,681624] (7,36)
[446653,447351] (8,46)
[25057,26168] (33,17)
[663678,663679] (1,28)
[285024,285024] (2,27)
Correct: 1773 Wrong: 36227
[586833,586849] (11,8)
[770283,770286] (26,41)
[653661,652940] (9,3)
[696883,696882] (4,0)
[154246,153378] (18,38)
[177394,176980] (17,41)
Correct: 1911 Wrong: 38089
[905749,905749] (18,33)
[649962,649962] (14,8)
[270298,270264] (17,11)
[754414,754326] (2,26)
[483813,483090] (15,0)
Correct: 2099 Wrong: 39901
[360000,361015] (21,26)
[237633,237532] (14,36)
[776032,776039] (11,19)
[783523,783530] (24,36)
[405086,404956] (0,37)
Correct: 2270 Wrong: 41730
[980672,980669] (34,15)
[237617,237563] (6,14)
[270264,270245] (33,11)
[897640,897553] (0,36)
[807536,807527] (17,2)
[270544,270543] (38,13)
Correct: 2451 Wrong: 43549
[727468,726528] (36,6)
[894473,894470] (26,20)
[199653,199658] (40,0)
[886206,886204] (31,32)
[214193,214080] (29,4)
Correct: 2624 Wrong: 45376
[716686,716680] (21,25)
[536776,536631] (4,8)
[153349,154264] (35,11)
[286803,286863] (23,12)
[836557,836584] (0,5)
Correct: 2858 Wrong: 47142
[587007,586996] (23,4)
[177420,176951] (25,24)
[776406,776406] (28,30)
[468897,468897] (4,40)
[587035,587032] (8,40)
Correct: 3055 Wrong: 48945
[520771,520776] (36,23)
[214143,214138] (30,18)
[886539,886525] (37,12)
[671700,671700] (29,17)
[721786,722063] (0,24)
Correct: 3261 Wrong: 50739
[16498,16498] (4,25)
[443614,443614] (36,32)
[649959,649970] (28,11)
[480302,480292] (12,36)
[413061,413128] (16,37)
Correct: 3512 Wrong: 52488
[481878,481878] (34,19)
[990747,990747] (13,32)
[370109,370116] (23,13)
[886072,886076] (29,25)
[45552,740648] (10,16)
Correct: 3754 Wrong: 54246
[237359,237358] (3,25)
[696965,696956] (15,40)
[362045,362377] (33,23)
[244771,244771] (26,12)
[232330,232098] (31,11)
Correct: 3988 Wrong: 56012
[681700,681704] (24,30)
[894737,894735] (0,28)
[270262,270253] (13,13)
[836502,836531] (41,19)
[905812,905815] (1,12)
Correct: 4254 Wrong: 57746
[266434,266434] (27,1)
[249312,249301] (6,7)
[671012,671012] (10,25)
[587049,587049] (21,23)
Correct: 4553 Wrong: 59447
[877565,877613] (29,15)
[741246,741088] (26,25)
[618987,618967] (35,14)
[873360,873374] (21,29)
[165989,165989] (33,4)
Correct: 4880 Wrong: 61120
[416621,416658] (15,21)
[512686,512676] (9,15)
[594229,594239] (5,21)
[383158,383144] (23,24)
Correct: 5180 Wrong: 62820
[236483,236471] (11,15)
[586445,586445] (9,13)
[662419,662418] (10,32)
[775947,775938] (33,25)
[362416,362415] (34,4)
Correct: 5552 Wrong: 64448
[416632,416631] (0,39)
[577607,577609] (11,15)
[438744,438748] (0,26)
[862142,862134] (33,35)
Correct: 5942 Wrong: 66058
[585704,585701] (26,25)
[936038,936051] (10,1)
[486604,486628] (16,17)
[216460,216451] (0,6)
[843479,843471] (32,3)
Correct: 6288 Wrong: 67712
[922742,922777] (27,32)
[826824,826815] (13,25)
[40100,40080] (27,20)
[480328,480314] (27,23)
Correct: 6662 Wrong: 69338
[577687,577690] (44,2)
[214823,214823] (11,18)
[640915,640915] (12,41)
[883830,883830] (29,7)
[160714,160716] (29,11)
Correct: 7047 Wrong: 70953
[230747,230747] (1,7)
[483934,482980] (22,35)
[929183,929157] (24,19)
[600650,600661] (13,3)
Correct: 7465 Wrong: 72535
[180558,180566] (23,29)
[154371,153250] (21,23)
[331362,331362] (2,26)
Correct: 7903 Wrong: 74097
[804963,804967] (29,17)
[869990,869716] (40,11)
[836640,836643] (39,7)
[546010,546010] (19,26)
[40087,40095] (9,16)
Correct: 8380 Wrong: 75620
[512660,512677] (31,17)
[980585,980575] (24,12)
[106462,106462] (38,36)
[823686,823921] (37,19)
Correct: 8812 Wrong: 77188
[625538,625563] (16,2)
[663356,663357] (13,33)
[670078,670078] (22,1)
[95361,95361] (24,18)
Correct: 9262 Wrong: 78738
[449864,449864] (27,29)
[886256,886255] (7,18)
[713622,713622] (17,15)
[762290,762290] (19,4)
Correct: 9776 Wrong: 80224
[922522,922540] (18,25)
[83310,83313] (36,8)
[232382,232049] (2,31)
Correct: 10304 Wrong: 81696
[24944,26296] (0,32)
[401269,401273] (26,8)
[189232,189235] (35,13)
[235832,235816] (5,28)
Correct: 10788 Wrong: 83212
[9694,9699] (3,32)
[382636,382622] (34,6)
[878151,878162] (0,16)
Correct: 11344 Wrong: 84656
[591880,591885] (36,23)
[423018,423019] (13,25)
[600744,600751] (0,39)
[984183,984199] (16,7)
Correct: 11887 Wrong: 86113
[493898,493616] (30,38)
[830132,830144] (32,3)
[975440,975505] (2,31)
Correct: 12409 Wrong: 87591
[510223,510217] (25,35)
[848196,848196] (0,38)
[811976,811976] (24,24)
Correct: 13020 Wrong: 88980
[505756,505795] (3,3)
[381815,381815] (32,40)
[286712,286921] (44,18)
[746316,746314] (32,6)
Correct: 13663 Wrong: 90337
[214125,214114] (31,15)
[914914,914914] (32,25)
[424865,424875] (28,8)
Correct: 14261 Wrong: 91739
[269265,269265] (4,38)
[835951,835951] (25,17)
[261466,261479] (29,15)
Correct: 14894 Wrong: 93106
[291776,291776] (7,12)
[213315,213321] (16,6)
[200565,200565] (29,37)
[617425,617374] (15,19)
Correct: 15473 Wrong: 94527
[980760,980758] (19,44)
[313493,312602] (15,27)
[878183,878200] (28,17)
Correct: 16095 Wrong: 95905
[187790,187793] (13,22)
[217673,217673] (23,2)
[459886,459886] (28,10)
Correct: 16741 Wrong: 97259
[493533,493987] (2,10)
[283419,283554] (35,7)
[753687,753695] (36,34)
Correct: 17417 Wrong: 98583
[778682,778682] (4,41)
[649558,649558] (2,18)
[852461,852486] (5,33)
Correct: 18098 Wrong: 99902
[89914,89904] (11,37)
[538615,538619] (25,39)
[737294,737289] (21,28)
Correct: 18750 Wrong: 101250
[573461,573463] (0,39)
[769449,769449] (39,10)
[464115,464114] (25,32)
Correct: 19416 Wrong: 102584
[564104,564104] (5,18)
[753031,753014] (19,28)
[985843,985843] (1,1)
Correct: 20119 Wrong: 103881
[150710,150702] (9,24)
[535117,535088] (8,1)
[998432,998432] (0,7)
Correct: 20820 Wrong: 105180
[849782,849798] (27,30)
[231346,231300] (20,33)
[984087,984087] (21,38)
Correct: 21587 Wrong: 106413
[165992,165992] (39,23)
[26109,25116] (25,17)
[358300,358294] (15,14)
Correct: 22433 Wrong: 107567
[753198,753198] (29,30)
[160650,160784] (21,27)
Correct: 23156 Wrong: 108844
[411693,411693] (31,22)
[755319,755319] (11,16)
[672876,672851] (24,24)
Correct: 23970 Wrong: 110030
[664444,664450] (10,2)
[520727,520735] (6,13)
[8940,8968] (8,16)
Correct: 24752 Wrong: 111248
[976317,976314] (20,22)
[510216,510212] (18,12)
[741963,741963] (29,20)
Correct: 25624 Wrong: 112376
[75772,75772] (12,9)
[356662,356663] (5,17)
Correct: 26382 Wrong: 113618
[899477,899477] (42,12)
[536867,536539] (8,33)
[21073,21073] (9,27)
Correct: 27167 Wrong: 114833
[363347,363366] (32,28)
[603177,603163] (28,14)
Correct: 28004 Wrong: 115996
[576966,576963] (0,4)
[29702,29702] (36,34)
[738113,738129] (18,15)
Correct: 28827 Wrong: 117173
[874012,874012] (18,39)
[565477,565469] (3,31)
[780226,780226] (18,11)
Correct: 29678 Wrong: 118322
[547697,547692] (6,25)
[733736,733736] (35,9)
Correct: 30560 Wrong: 119440
[198255,198255] (23,27)
[179789,179789] (3,12)
[556055,556055] (6,17)
Correct: 31417 Wrong: 120583
[856116,856121] (10,26)
[405993,405992] (1,4)
Correct: 32258 Wrong: 121742
[223337,223315] (26,1)
[802843,802843] (20,4)
[791967,791964] (17,29)
Correct: 33134 Wrong: 122866
[787222,787222] (35,13)
[126207,126259] (19,36)
Correct: 34073 Wrong: 123927
[673137,673137] (4,29)
[348442,348418] (32,44)
[455151,455159] (41,13)
Correct: 34934 Wrong: 125066
[16090,16090] (19,16)
[840672,840672] (27,19)
Correct: 35832 Wrong: 126168
[922275,922237] (36,21)
[260662,260650] (36,11)
Correct: 36662 Wrong: 127338
[754496,754244] (42,27)
[674318,674318] (39,36)
[358065,358065] (3,28)
Correct: 37579 Wrong: 128421
[237724,237724] (10,14)
[500218,500233] (4,29)
Correct: 38503 Wrong: 129497
[879798,879798] (10,10)
[195043,195052] (34,39)
Correct: 39429 Wrong: 130571
[144272,144272] (26,18)
[608198,608196] (29,17)
Correct: 40361 Wrong: 131639
[188143,188143] (9,8)
[389850,389911] (30,6)
Correct: 41398 Wrong: 132602
[527403,527403] (23,34)
[706848,706848] (12,22)
Correct: 42406 Wrong: 133594
[998267,998267] (8,1)
[520202,520202] (1,12)
[836474,836467] (16,24)
Correct: 43380 Wrong: 134620
[677636,677636] (16,10)
[139502,139502] (12,26)
Correct: 44361 Wrong: 135639
[569972,569972] (29,35)
[707685,707685] (4,3)
Correct: 45333 Wrong: 136667
[711988,711988] (9,34)
[472593,472593] (13,33)
Correct: 46337 Wrong: 137663
[971678,971678] (1,16)
[505554,505554] (10,3)
Correct: 47395 Wrong: 138605
[143652,143693] (0,18)
[544613,544608] (16,26)
Correct: 48392 Wrong: 139608
[68154,68126] (8,12)
[428413,428413] (4,14)
Correct: 49407 Wrong: 140593
[253982,82526] (18,27)
[59241,59251] (26,34)
Correct: 50433 Wrong: 141567
[527746,527746] (2,35)
Correct: 51389 Wrong: 142611
[478735,478735] (23,39)
[956765,956765] (38,25)
Correct: 52419 Wrong: 143581
[509024,509024] (10,1)
[358650,358650] (28,21)
Correct: 53518 Wrong: 144482
[984362,984406] (27,41)
[773267,773267] (27,8)
Correct: 54593 Wrong: 145407
[961481,961481] (3,37)
[728768,728768] (0,9)
Correct: 55600 Wrong: 146400
[814039,814073] (16,21)
[538433,538412] (22,30)
Correct: 56664 Wrong: 147336
[547526,547526] (34,54)
[400018,400018] (11,6)
Correct: 57723 Wrong: 148277
[672205,672205] (23,36)
[419176,419176] (26,30)
Correct: 58876 Wrong: 149124
[381835,381827] (16,37)
Correct: 59907 Wrong: 150093
[226002,226002] (23,3)
[96162,96166] (24,1)
Correct: 60949 Wrong: 151051
[397752,397739] (33,20)
[449802,449796] (32,8)
Correct: 62014 Wrong: 151986
[22978,22959] (14,4)
[94525,94517] (22,37)
Correct: 63161 Wrong: 152839
[57096,57096] (34,21)
[48183,48183] (33,13)
Correct: 64195 Wrong: 153805
[6473,6473] (41,21)
Correct: 65251 Wrong: 154749
[450056,450056] (27,25)
[127866,127866] (11,28)
Correct: 66374 Wrong: 155626
[929011,929011] (28,25)
[189188,189187] (42,8)
Correct: 67517 Wrong: 156483
[888315,888302] (23,27)
Correct: 68693 Wrong: 157307
[15087,15077] (3,3)
[990941,990944] (26,30)
Correct: 69852 Wrong: 158148
[71979,71966] (31,16)
[773713,773719] (33,27)
Correct: 70989 Wrong: 159011
[592925,592916] (36,23)
Correct: 72079 Wrong: 159921
[913689,913689] (16,30)
[588730,588730] (23,26)
Correct: 73224 Wrong: 160776
[802845,802845] (17,21)
Correct: 74435 Wrong: 161565
[540908,540912] (2,25)
[563511,563511] (12,20)
Correct: 75579 Wrong: 162421
[789669,789669] (11,32)
Correct: 76685 Wrong: 163315
[961561,961561] (37,19)
[535355,535355] (21,35)
Correct: 77863 Wrong: 164137
[223368,223368] (1,27)
[880246,880246] (24,9)
Correct: 79001 Wrong: 164999
[700625,700616] (30,16)
Correct: 80139 Wrong: 165861
[890498,890498] (15,15)
[917113,917113] (11,37)
Correct: 81324 Wrong: 166676
[385083,385083] (9,13)
Correct: 82560 Wrong: 167440
[654923,654923] (35,22)
[37159,37130] (41,28)
Correct: 83775 Wrong: 168225
[391762,391751] (25,7)
Correct: 84903 Wrong: 169097
[382276,382276] (10,0)
Correct: 86063 Wrong: 169937
[233743,233743] (24,8)
[12914,12914] (5,10)
Correct: 87295 Wrong: 170705
[469530,469506] (5,7)
Correct: 88483 Wrong: 171517
[752090,752090] (0,4)
[912212,912212] (9,37)
Correct: 89708 Wrong: 172292
[68148,68113] (35,17)
Correct: 90978 Wrong: 173022
[986686,986686] (18,13)
[304685,304698] (36,29)
Correct: 92206 Wrong: 173794
[794521,794521] (12,25)
Correct: 93383 Wrong: 174617
[464884,464888] (22,16)
Correct: 94603 Wrong: 175397
[167224,167239] (3,20)
[286987,287013] (34,7)
Correct: 95857 Wrong: 176143
[611484,611484] (23,14)
Correct: 97059 Wrong: 176941
[720305,720305] (21,39)
Correct: 98338 Wrong: 177662
[310326,310326] (24,23)
[746784,746788] (30,40)
Correct: 99647 Wrong: 178353
[478731,478731] (37,19)
Correct: 100957 Wrong: 179043
[525433,525433] (40,19)
Correct: 102153 Wrong: 179847
[638185,638185] (38,22)
Correct: 103376 Wrong: 180624
[634504,634504] (16,15)
[775660,775660] (8,29)
Correct: 104621 Wrong: 181379
[763318,763318] (28,8)
Correct: 105813 Wrong: 182187
[586543,586546] (24,37)
Correct: 107041 Wrong: 182959
[621111,621117] (1,11)
[255117,255117] (5,2)
Correct: 108354 Wrong: 183646
[622148,622148] (17,23)
Correct: 109690 Wrong: 184310
[40716,40716] (27,2)
Correct: 110981 Wrong: 185019
[16575,16431] (18,16)
Correct: 112237 Wrong: 185763
[542274,542274] (16,1)
Correct: 113522 Wrong: 186478
[303475,303475] (18,24)
[234316,234316] (29,21)
Correct: 114752 Wrong: 187248
[6189,6189] (32,16)
Correct: 116074 Wrong: 187926
[537276,537266] (43,10)
Correct: 117332 Wrong: 188668
[528106,528106] (24,33)
Correct: 118667 Wrong: 189333
[667401,667670] (18,0)
Correct: 119991 Wrong: 190009
[503503,503503] (18,18)
[337633,337633] (1,16)
Correct: 121302 Wrong: 190698
[704302,704299] (14,31)
Correct: 122611 Wrong: 191389
[182081,182081] (18,11)
Correct: 123952 Wrong: 192048
[929772,929772] (14,3)
Correct: 125263 Wrong: 192737
[29229,29229] (25,34)
Correct: 126684 Wrong: 193316
[493146,493146] (0,33)
Correct: 127991 Wrong: 194009
[155755,155760] (25,0)
Correct: 129281 Wrong: 194719
[679081,679081] (7,24)
Correct: 130578 Wrong: 195422
[797245,797234] (8,1)
Correct: 131924 Wrong: 196076
[324410,324408] (2,19)
[606109,606109] (33,4)
Correct: 133182 Wrong: 196818
[239605,239605] (20,14)
Correct: 134474 Wrong: 197526
[624329,624329] (37,10)
Correct: 135764 Wrong: 198236
[268688,268688] (28,15)
Correct: 137074 Wrong: 198926
[277411,277411] (36,9)
Correct: 138434 Wrong: 199566
[724739,724739] (3,4)
Correct: 139810 Wrong: 200190
[550285,550285] (0,29)
Correct: 141173 Wrong: 200827
[918465,918473] (39,9)
Correct: 142554 Wrong: 201446
[749588,749588] (12,23)
Correct: 143911 Wrong: 202089
[561708,561708] (9,5)
Correct: 145260 Wrong: 202740
[122065,122065] (26,3)
Correct: 146622 Wrong: 203378
[218538,218538] (37,2)
Correct: 148001 Wrong: 203999
[852192,852192] (4,5)
Correct: 149376 Wrong: 204624
[713348,713348] (16,7)
Correct: 150779 Wrong: 205221
[171457,171461] (1,39)
Correct: 152092 Wrong: 205908
[870425,870425] (2,7)
Correct: 153494 Wrong: 206506
[584003,584040] (7,37)
Correct: 154841 Wrong: 207159
[797708,797708] (16,10)
Correct: 156144 Wrong: 207856
[792400,792426] (36,27)
Correct: 157534 Wrong: 208466
[888025,888025] (6,35)
Correct: 159014 Wrong: 208986
[622087,622087] (12,5)
Correct: 160398 Wrong: 209602
[675021,675021] (24,31)
Correct: 161831 Wrong: 210169
[401896,401896] (2,36)
Correct: 163189 Wrong: 210811
[78014,78014] (11,27)
Correct: 164588 Wrong: 211412
[117156,117156] (30,1)
Correct: 165926 Wrong: 212074
[58047,58048] (25,14)
Correct: 167331 Wrong: 212669
Correct: 168725 Wrong: 213275
[242601,242601] (0,42)
Correct: 170119 Wrong: 213881
[959917,959917] (16,2)
Correct: 171513 Wrong: 214487
[484463,484463] (26,24)
Correct: 172934 Wrong: 215066
[534536,534529] (21,22)
Correct: 174318 Wrong: 215682
[361765,361765] (13,2)
Correct: 175728 Wrong: 216272
[552030,552036] (26,41)
Correct: 177158 Wrong: 216842
[53137,53137] (42,42)
Correct: 178582 Wrong: 217418
Correct: 180012 Wrong: 217988
[224408,224408] (28,23)
Correct: 181351 Wrong: 218649
[327472,327472] (1,44)
Correct: 182777 Wrong: 219223
[651346,651340] (7,37)
Correct: 184206 Wrong: 219794
[768421,768406] (36,11)
Correct: 185641 Wrong: 220359
Correct: 187030 Wrong: 220970
[841673,841673] (31,1)
