Start read graph
n = 1000000
Graph created
N = 1000000
E = 1.04578e+06
p = 2.09156e-06
THEOREM 1:
	n^(-1) << p <= n^(-5/6 - e) 	e = 0.001	[1/6 > e > 0]
	1e-06 << p <= 9.86279e-06 (OK)
pt = 1
ps = 1
r = 2
a_c = 114296: initial seed set.
------------------------------------
Generate G1
	generate subgraph
	V_count = 1000000
Generate G2
	generate subgraph
	V_count = 1000000
same = 1000000;  N * pt * pt = 1e+06
Noisy seeds are generated:
	before = 5; with generated = 100
Start percolation matching
M <- A_0 and Z <- A_0
while M \ Z != None do
[26820,26814] (27,1)
[36878,36672] (39,38)
[36603,36934] (3,24)
[36686,36866] (28,14)
[26359,26357] (15,14)
[36407,37131] (34,32)
[37182,36366] (2,2)
[27522,27536] (1,18)
[26027,26043] (30,30)
[36168,37365] (5,13)
[36039,37497] (30,32)
[37592,35956] (41,27)
[25777,25789] (23,31)
[37643,35902] (17,29)
[25598,25616] (30,35)
[25458,25472] (4,5)
[28311,28316] (27,36)
[25245,25257] (5,10)
[28478,28470] (23,35)
[28712,28718] (20,2)
[28862,28863] (23,27)
[28946,28936] (41,7)
[29093,29091] (20,2)
[24261,24265] (3,24)
[29359,29366] (35,40)
[23962,23949] (8,34)
[23782,23788] (42,28)
[29803,29814] (17,7)
[29940,29950] (10,30)
[23348,23347] (15,28)
[30169,30161] (11,29)
[30397,30395] (33,5)
[22907,22913] (20,13)
[22785,22787] (10,18)
[22611,22612] (14,33)
[22518,22516] (9,0)
[31113,31131] (39,13)
[2275,2284] (30,31)
[31328,31319] (12,16)
[31405,31403] (38,13)
[22013,22004] (36,27)
[2628,2624] (17,8)
[21841,21827] (21,35)
[31624,31631] (4,37)
[1727,1748] (0,16)
[2832,2822] (35,10)
[31822,31829] (37,36)
[1618,1630] (8,36)
[1592,1608] (30,5)
[6719,6732] (39,32)
[16273,15763] (26,34)
[32018,32002] (20,33)
[6709,6707] (24,25)
[7024,7028] (17,37)
[7099,7098] (15,31)
[3215,3228] (19,36)
[3342,3341] (23,0)
[16579,15481] (8,14)
[7161,7161] (15,27)
[3413,3415] (2,12)
[32384,32378] (8,0)
[6298,6313] (16,34)
[32460,32476] (18,15)
[984,993] (16,16)
[6182,6182] (43,39)
[16814,15225] (23,29)
[3629,3633] (22,19)
[7588,7588] (2,33)
[7657,7657] (13,25)
[3763,3760] (33,39)
[20731,20722] (14,9)
[5995,5996] (27,35)
[20666,20664] (14,38)
[20627,20623] (31,0)
[3994,3986] (16,9)
[20558,20568] (19,7)
[4117,4108] (8,2)
[4116,4130] (10,35)
[7930,7939] (8,31)
[14694,17350] (21,11)
[14677,17352] (12,20)
[14664,17379] (35,38)
[14560,17464] (25,37)
[14529,17496] (9,26)
[5534,5541] (16,35)
[14487,17568] (16,36)
[135,132] (11,35)
[17770,14276] (8,27)
[20103,20112] (7,22)
[17769,14264] (33,30)
[33441,33446] (21,17)
[17,25] (15,12)
[19945,19945] (43,6)
[17970,14062] (1,8)
[13324,13321] (27,26)
[5150,5158] (5,30)
[14045,17971] (34,14)
[14013,18016] (9,21)
[13243,13243] (32,16)
[4895,4895] (22,43)
[4797,4781] (15,29)
[13141,13147] (1,33)
[13837,18196] (29,17)
[33975,33982] (19,25)
[35587,35604] (0,33)
[35381,35388] (32,25)
[35350,35331] (42,32)
[19401,19401] (17,25)
[34156,34148] (15,1)
[9337,9341] (36,34)
[12608,12629] (22,31)
[34362,34374] (19,1)
[19148,19148] (28,42)
[34502,34516] (31,6)
[34494,34508] (20,26)
[12294,12288] (30,2)
[34776,34783] (24,26)
[18842,18848] (35,25)
[18746,18751] (23,34)
[10034,10033] (28,30)
[18562,18560] (29,10)
[18558,18559] (13,33)
[10435,10414] (5,33)
[11679,11668] (41,39)
[11440,11462] (30,9)
[11237,11235] (22,6)
[11137,11128] (24,24)
ExpandOnce: 
----------RESULT----------
ExpandWhenStuck results for N = 1000000; s = 1; nb_seed = 5
	common nodes count G1 and G2 = 1000000
	matched = 38184
	correct matches = 2400	 wrong matches = 35784
	recall = 0.0024
	precision = 0.0024
	F1-score = 0.0024
	precision (correct+wrong) = 35785
	F1-score (correct+wrong) = 0.0048
