Start read graph
n = 1000000
Graph created
N = 1000000
E = 2e+07
p = 4e-05
THEOREM 1:
	n^(-1) << p <= n^(-5/6 - e) 	e = 0.001	[1/6 > e > 0]
	1e-06 << p <= 9.86279e-06 (FALSE)
pt = 1
ps = 1
r = 2
a_c = 312.499: initial seed set.
------------------------------------
Generate G1
	generate subgraph
	V_count = 1000000
Generate G2
	generate subgraph
	V_count = 1000000
same = 1000000;  N * pt * pt = 1e+06
Noisy seeds are generated:
	before = 40; with generated = 400
Start percolation matching
M <- A_0 and Z <- A_0
while M \ Z != None do
[948708,837385] (34,26)
[772959,772968] (41,36)
[754537,754432] (28,6)
[754564,754404] (15,35)
Correct: 61 Wrong: 1939
[773015,773039] (19,34)
[532508,532479] (36,23)
[324051,35536] (32,9)
[874956,875206] (24,5)
[677185,677183] (3,4)
[21993,21999] (12,26)
[874927,875220] (16,18)
Correct: 95 Wrong: 3905
[621650,621629] (2,27)
[621581,621548] (28,30)
[186092,185861] (17,30)
[773059,773072] (6,18)
[532319,532681] (30,10)
[532778,532219] (12,12)
[185846,186114] (22,3)
Correct: 140 Wrong: 5860
[874756,875412] (4,18)
[677550,677556] (19,21)
[22507,22523] (15,8)
[324173,324164] (35,33)
[323520,323511] (15,26)
[754820,754137] (6,3)
[532923,532073] (20,12)
Correct: 188 Wrong: 7812
[772513,772534] (13,42)
[21756,21757] (18,38)
[323476,323465] (30,12)
[622050,622032] (14,2)
[772532,772543] (31,34)
[532127,532862] (25,35)
[754976,754007] (6,36)
Correct: 219 Wrong: 9781
[874539,875623] (7,1)
[324395,324394] (22,1)
[622108,622081] (28,1)
[186547,185395] (1,17)
[677809,677799] (4,22)
[323295,323284] (0,11)
[773403,773400] (4,30)
Correct: 295 Wrong: 11705
[622195,622196] (32,26)
[323253,323237] (13,1)
[754920,754069] (22,0)
[22792,22774] (29,20)
[677878,677878] (13,3)
[874381,875784] (5,33)
Correct: 360 Wrong: 13640
[560964,560971] (8,35)
[773558,773571] (5,4)
[772309,772312] (23,13)
[875844,874313] (2,33)
[69038,69039] (17,14)
[186677,185284] (14,12)
[186694,185258] (31,8)
Correct: 423 Wrong: 15577
[561001,561002] (14,5)
[186696,185259] (31,12)
[561047,561056] (19,7)
[561068,561083] (1,33)
[186714,185239] (8,12)
[620971,620936] (26,30)
[552777,552792] (19,28)
Correct: 486 Wrong: 17514
[620972,620948] (26,21)
[947914,947937] (23,15)
