Start read graph
n = 1000000
Graph created
N = 1000000
E = 2e+07
p = 4e-05
THEOREM 1:
	n^(-1) << p <= n^(-5/6 - e) 	e = 0.001	[1/6 > e > 0]
	1e-06 << p <= 9.86279e-06 (FALSE)
pt = 1
ps = 1
r = 2
a_c = 312.499: initial seed set.
------------------------------------
Generate G1
	generate subgraph
	V_count = 1000000
Generate G2
	generate subgraph
	V_count = 1000000
same = 1000000;  N * pt * pt = 1e+06
Noisy seeds are generated:
	before = 20; with generated = 150
Start percolation matching
M <- A_0 and Z <- A_0
while M \ Z != None do
[701668,701657] (2,3)
[463635,463615] (12,28)
[701731,701722] (7,8)
[281433,281654] (3,3)
[812493,812495] (19,34)
[463776,463785] (28,39)
[266513,266510] (8,30)
[701355,701357] (28,2)
[812029,812028] (0,5)
[463858,463857] (25,17)
[281873,281231] (34,33)
[463259,463270] (31,25)
[701263,701262] (23,40)
[702006,702007] (23,33)
[316995,281107] (24,0)
[701212,701207] (31,40)
[280959,282126] (19,4)
[812797,812805] (26,41)
[282131,280961] (9,6)
[280886,282205] (30,15)
[265750,265747] (33,18)
[700989,700983] (38,22)
[266965,266965] (40,22)
[462883,462893] (12,5)
[265675,265677] (15,9)
[265628,265641] (8,27)
[282285,280818] (30,4)
[813027,813029] (29,24)
[700822,700822] (11,23)
[813006,813024] (12,16)
[700771,700772] (4,3)
[470792,470318] (18,2)
[137780,137761] (28,21)
[569864,569607] (7,10)
[569910,569561] (5,26)
[569886,569580] (9,24)
[569602,569861] (12,36)
[137919,137916] (33,19)
[462621,462640] (25,0)
[464529,464553] (41,19)
[470914,470187] (0,32)
[537722,537714] (12,15)
[137972,137967] (2,8)
[569671,569785] (41,13)
[137977,137974] (38,23)
[537569,537563] (15,26)
[537831,537831] (38,31)
[470201,470929] (6,20)
[280421,282663] (4,35)
[280416,282652] (40,1)
[537489,537495] (10,4)
[811155,811155] (22,17)
[537480,537485] (2,40)
[415914,415932] (24,29)
[700431,700435] (34,22)
[265204,265213] (8,47)
[985081,985359] (37,39)
[471147,469967] (23,19)
[702654,702679] (21,26)
[10891,10912] (31,4)
[464729,176305] (29,32)
[265174,265177] (30,3)
[599734,600093] (16,6)
[11183,11182] (1,7)
[66913,66920] (33,2)
[89961,89961] (46,10)
[661111,661111] (25,4)
[413743,413742] (29,31)
[527135,527152] (12,25)
[265130,265134] (22,37)
[984979,985472] (2,10)
[414805,414805] (5,20)
[137398,137402] (30,4)
[6563,6557] (19,13)
[905307,905317] (28,17)
[278482,278481] (33,19)
[380068,380287] (17,21)
[10751,10740] (14,1)
[380041,380301] (10,1)
[647612,647602] (36,23)
[537301,537298] (3,0)
[407718,407731] (34,35)
[6572,6563] (17,10)
[514011,514002] (16,17)
[464867,464861] (30,5)
[331741,331869] (15,17)
[895868,895869] (1,21)
[896632,896430] (38,1)
[702909,702895] (19,35)
[599900,599958] (21,26)
[331721,331895] (11,41)
[695799,695799] (31,6)
[6524,6538] (42,20)
[582971,582965] (3,0)
[597102,596898] (7,13)
[796506,796501] (34,33)
[751735,751725] (14,34)
[137233,137229] (13,7)
[673402,673406] (2,33)
[399228,399218] (36,30)
[10688,10688] (30,41)
[3345,3467] (34,4)
[634513,634513] (31,34)
[896382,896661] (5,23)
[380587,380588] (27,9)
[702947,702950] (30,24)
[11345,11327] (11,34)
[578317,578317] (29,15)
[380608,380610] (13,22)
[4353,4353] (10,2)
[390966,390966] (8,22)
[816542,816542] (22,31)
[11313,11325] (14,20)
[471357,469758] (13,14)
[810968,810964] (25,39)
[414588,414588] (3,32)
[331959,331672] (4,2)
[6719,6725] (20,16)
[864238,864135] (21,10)
[413907,413905] (17,15)
[134419,134419] (5,21)
[44281,44472] (24,32)
[882770,882770] (17,27)
[960944,960944] (27,13)
[138410,138432] (16,5)
[476671,476820] (9,13)
[305405,305409] (11,12)
[985554,984911] (0,21)
[407492,407506] (9,30)
[796615,796608] (34,15)
[264926,264916] (9,9)
[134466,134465] (20,34)
[496346,496352] (22,36)
[751615,751606] (27,30)
[831111,831098] (37,43)
[247986,247986] (20,23)
[414042,414026] (4,11)
[399203,399199] (22,28)
[21233,21224] (17,33)
[830857,830853] (15,18)
[61615,61549] (21,5)
[483409,483402] (38,14)
[960583,960604] (22,11)
[407402,407404] (15,2)
[843106,843116] (33,28)
[895957,895951] (15,7)
[810833,810838] (19,18)
[280021,283072] (32,17)
[884135,884131] (7,16)
[773512,773505] (34,15)
[843167,843154] (30,7)
[986500,986500] (23,0)
[445133,445133] (16,38)
[170706,170731] (10,15)
[942369,942355] (16,3)
[308146,308146] (39,41)
[619246,619246] (31,14)
[16295,16265] (3,21)
[546295,546275] (19,42)
[984786,985676] (20,19)
[886275,886277] (39,31)
[896323,896698] (38,20)
[411815,411808] (16,16)
[572569,572479] (13,13)
[170681,170677] (0,24)
[179621,179599] (3,30)
[830837,830831] (26,23)
[273888,492026] (24,20)
[831116,831108] (18,38)
[671079,671079] (24,26)
[843341,843337] (3,29)
[411810,411818] (5,21)
[203384,203386] (38,26)
[134314,134314] (10,5)
[48718,48718] (25,20)
[95520,95516] (4,9)
[448378,448378] (22,1)
[842635,842635] (2,20)
[300265,300265] (1,37)
[49266,49278] (33,30)
[903317,903807] (24,36)
[8577,8638] (25,27)
[25450,25459] (42,30)
[195568,195568] (31,35)
[960938,960939] (8,23)
[616823,616823] (4,35)
[633962,633968] (0,22)
[895625,895625] (6,13)
[439900,439756] (27,23)
[449293,449192] (44,17)
[862998,862986] (29,1)
[48205,48205] (7,35)
[981842,981842] (21,18)
[891972,891951] (1,14)
[536748,536747] (25,27)
[156939,156962] (23,47)
[935086,935086] (34,6)
[845914,845914] (22,15)
[590510,590510] (0,34)
[916859,916857] (38,16)
[883044,883041] (19,40)
[166139,166145] (27,31)
[598242,598265] (6,4)
[742038,742038] (25,35)
[258458,258456] (37,31)
[808904,808929] (34,0)
[127858,127868] (8,23)
[51292,51119] (18,22)
[497530,497530] (7,7)
[510866,510866] (39,28)
[581126,581100] (35,7)
[801910,801959] (24,17)
[314349,314365] (24,0)
[525055,525088] (32,23)
[838488,838401] (18,27)
[11827,11827] (12,24)
[645349,645349] (20,12)
[437849,437849] (9,20)
[733878,733878] (1,36)
[254270,254270] (14,5)
[846865,846865] (15,6)
[356536,356553] (21,11)
[773438,773433] (12,29)
[244323,244323] (4,6)
[442004,442004] (23,8)
[235433,235433] (5,14)
[18278,18298] (5,31)
[375359,375372] (41,2)
[583035,583045] (27,33)
[607954,607959] (31,10)
[976301,976301] (31,23)
[882871,882877] (39,36)
[44560,44190] (24,22)
[319352,319352] (29,22)
[138533,138536] (12,26)
[153880,153863] (6,0)
[241923,241914] (30,18)
[235413,235426] (11,11)
[103123,103123] (8,22)
[621102,621127] (12,22)
[153,153] (33,12)
[45223,45128] (29,39)
[279777,279769] (3,4)
[889747,889747] (23,21)
[572375,572665] (36,35)
[228622,228614] (39,32)
[725279,725274] (6,1)
[391212,391230] (20,39)
[243508,243523] (16,41)
[300271,300241] (30,33)
[732077,732071] (29,31)
[44582,44185] (24,31)
[598228,598283] (17,7)
[300268,300240] (28,35)
[242136,242136] (19,24)
[87321,87321] (28,34)
[225199,225199] (27,0)
[574281,574272] (0,26)
[183785,183785] (8,28)
[583413,583418] (5,27)
[684477,684465] (15,16)
[111271,111271] (22,17)
[668650,668549] (26,19)
[504390,504396] (21,8)
[813795,813800] (16,3)
[864816,864824] (15,28)
[396321,396304] (32,30)
[23826,23826] (36,19)
[223812,223812] (17,45)
[176214,175962] (18,39)
[534408,534408] (18,33)
[853408,853408] (18,32)
[961238,961231] (3,20)
[577098,577098] (42,26)
[87906,87906] (7,3)
[45098,45247] (20,32)
[924442,924426] (26,18)
[130428,130435] (36,0)
[195662,195662] (2,27)
[843747,843752] (11,19)
[654645,654645] (17,36)
[418147,418147] (19,36)
[734665,734665] (28,36)
[886356,886356] (38,0)
[795187,795187] (34,28)
[411277,411284] (19,22)
[151816,151816] (10,1)
[320953,320957] (33,7)
[790030,790030] (6,1)
[628591,628520] (42,8)
[476546,476941] (19,31)
[386486,386486] (23,21)
[861117,861129] (21,28)
[18840,18840] (35,35)
[888114,888114] (32,33)
[561387,561371] (37,4)
[498455,498460] (16,13)
[459353,459371] (18,14)
[465132,465137] (16,26)
[750975,750984] (13,37)
[679986,679986] (3,4)
[933586,933586] (37,37)
[522582,522582] (40,11)
[40418,40380] (18,4)
[820882,820882] (34,6)
[662849,662861] (22,8)
[273224,273235] (26,20)
[248309,248309] (35,5)
[774250,774250] (4,33)
[448371,448374] (39,11)
[889164,889217] (24,11)
[92851,92851] (33,7)
[316083,316074] (11,25)
[959406,959406] (35,25)
[710641,710641] (20,29)
[447746,447755] (1,5)
[330585,330555] (4,19)
[963900,963885] (23,4)
[961304,961304] (28,14)
[123686,123686] (36,18)
[338329,338329] (28,28)
[468209,468209] (16,5)
[229985,229985] (25,10)
[966724,966736] (2,27)
[279703,279721] (44,42)
[250147,250143] (30,12)
[344031,343890] (34,25)
[222953,222953] (28,19)
[189162,189162] (21,10)
[374500,374524] (21,3)
[395423,395423] (31,2)
[549173,549173] (29,3)
[724709,724690] (27,21)
[22029,22029] (15,3)
[511512,511512] (0,0)
[995841,995841] (22,25)
[203430,203437] (11,36)
[184120,184120] (8,20)
[999170,999170] (5,36)
[634395,634397] (31,3)
[959101,959095] (31,9)
[139794,139794] (35,34)
[85421,85421] (29,35)
[586940,586935] (21,39)
[618664,618664] (12,16)
[930669,930635] (23,39)
[546135,546135] (37,42)
[710761,710754] (11,36)
[150742,150740] (16,4)
[24915,24915] (29,3)
[181172,181172] (0,2)
[453342,453342] (16,21)
[724556,724556] (2,6)
[409512,409512] (28,19)
[562288,562288] (20,27)
[231504,231500] (23,19)
[462024,462029] (20,18)
[91204,91204] (5,2)
[746467,746467] (6,11)
[309875,309892] (20,1)
[459970,459971] (32,37)
[563640,563640] (11,27)
[824384,824384] (3,40)
[418301,418301] (21,13)
[841871,841875] (24,0)
[654905,21109] (34,20)
[961132,961133] (13,26)
[41039,41022] (30,1)
[956372,956400] (9,15)
[347398,347398] (26,35)
[933392,933388] (24,25)
[366515,366515] (10,7)
[510180,510180] (14,16)
[172658,172658] (1,5)
[267984,267984] (39,8)
[212466,212466] (18,35)
[522055,522060] (41,15)
[760997,760997] (23,18)
[149916,149936] (0,0)
[712277,712277] (34,17)
[664828,664828] (28,8)
[119463,119471] (19,0)
[562028,562028] (16,38)
[904876,904876] (11,4)
[204189,204189] (5,23)
[218895,218921] (34,20)
[936397,936397] (20,1)
[7994,7994] (14,34)
[889764,889764] (0,9)
[745666,745656] (39,12)
[792254,792253] (8,10)
[72312,72312] (35,15)
[857914,857914] (5,30)
[953558,953555] (26,7)
[519965,519945] (29,5)
[548002,548002] (4,16)
[306150,306150] (1,9)
[546936,546936] (7,17)
[27814,27814] (9,9)
[243475,243475] (12,15)
[270715,270712] (5,44)
[22269,22266] (26,32)
[381658,381658] (28,29)
[938156,938156] (10,17)
[684434,684437] (28,3)
[478959,478955] (33,25)
[595445,595447] (32,3)
[272235,272235] (5,3)
[119337,119357] (26,12)
[642512,642512] (15,10)
[584197,584210] (18,2)
[865686,865686] (20,1)
[684436,684425] (23,31)
[268314,268297] (23,13)
[596357,596357] (17,24)
[574981,574981] (22,6)
[718641,718650] (2,29)
[61796,61823] (5,28)
[90738,90738] (8,5)
[4811,4811] (18,6)
[118006,118006] (35,3)
[707118,707131] (12,36)
[230158,230159] (31,2)
[711010,711010] (33,0)
[272854,272854] (24,26)
[379426,379429] (18,30)
[681917,681919] (38,18)
[836631,836631] (10,32)
[889033,889033] (25,16)
[42534,42555] (12,20)
[709228,709220] (20,20)
[358383,358383] (32,31)
[455638,455638] (12,29)
[254007,254007] (14,20)
[125984,125979] (25,28)
[969207,969207] (17,16)
[450393,450393] (18,3)
[134767,134767] (12,34)
[621424,621424] (17,1)
[205559,205584] (31,1)
[31695,31695] (45,9)
[952365,952365] (30,25)
[915631,915639] (3,9)
[311262,311255] (30,6)
[627579,627616] (34,13)
[944978,944972] (30,25)
[850908,850904] (25,14)
[383795,383795] (10,14)
[216468,216458] (17,19)
[322763,322800] (39,41)
[487476,487476] (17,0)
[530478,530478] (21,22)
[749120,749120] (30,31)
[793414,793432] (29,36)
[543697,543697] (2,0)
[210097,210097] (15,25)
[525882,525882] (4,4)
[648401,648401] (21,37)
[500713,500706] (10,19)
[388673,388673] (32,22)
[817373,817373] (18,19)
[446554,446554] (37,32)
[347166,347166] (5,24)
[171495,171495] (7,33)
[502935,502935] (35,32)
[5568,5552] (13,4)
[60368,60368] (7,0)
[218296,218264] (22,14)
[10154,10154] (43,43)
[446860,446860] (36,10)
[320276,320276] (41,11)
[641989,641989] (37,1)
[91086,91086] (1,40)
[330009,330002] (25,5)
[920990,920990] (25,29)
[467972,467972] (6,1)
[976680,976680] (34,20)
[942425,942411] (9,40)
[837944,837944] (22,7)
[902738,902738] (16,16)
[255433,255433] (43,5)
[210028,210028] (14,37)
[599280,599280] (2,37)
[113490,113490] (17,35)
[36064,36058] (34,15)
[967723,967630] (4,16)
[756805,756805] (31,22)
[974758,974765] (23,40)
[749170,749170] (15,8)
[101669,101669] (6,3)
[225241,225241] (2,32)
[591903,591903] (3,24)
[576465,576467] (37,4)
[412794,412794] (9,39)
[965865,965863] (2,11)
[898703,898703] (17,18)
[450749,450777] (2,11)
[644,644] (0,38)
[406209,406209] (25,20)
[102812,102812] (19,0)
[131810,131810] (17,10)
[546959,546959] (39,11)
[29053,29053] (40,5)
[301940,301940] (4,14)
[559184,559184] (40,20)
[94210,94218] (15,12)
[394326,394326] (33,13)
[703842,703842] (9,10)
[866369,866365] (20,6)
[26596,26596] (11,35)
[802121,802121] (0,24)
[103553,103553] (28,2)
[446552,446552] (19,4)
[50496,50496] (13,13)
[864976,864976] (33,17)
[871436,871436] (17,19)
[12118,12118] (19,3)
[816782,816801] (5,2)
[37760,37760] (20,23)
[826600,826600] (25,8)
[622999,622999] (34,13)
[326651,326658] (22,17)
[578982,578982] (29,1)
[581478,581478] (34,15)
[85605,85598] (25,37)
[354378,354378] (20,23)
[361570,361570] (1,7)
[726500,726500] (13,27)
[799064,799064] (10,25)
[424846,424825] (5,8)
[425597,425597] (41,25)
[171411,171411] (30,32)
[58645,58500] (28,28)
[120035,120033] (3,16)
[672338,672352] (15,4)
[300426,300426] (28,22)
[766805,766805] (5,2)
[660346,660346] (3,38)
[53424,53424] (11,19)
[878288,878288] (5,34)
[621265,621265] (39,2)
[647896,647896] (28,5)
[226388,226388] (33,21)
[88710,88710] (5,29)
[672185,672185] (35,8)
[628792,628792] (42,0)
[488278,488266] (13,29)
[610401,610401] (39,10)
[755511,755511] (32,20)
[15368,15368] (38,4)
[155461,155461] (24,38)
[499179,499179] (33,20)
[536766,536767] (38,7)
[473734,473734] (25,7)
[681323,681323] (7,23)
[835251,835251] (11,5)
[240425,240425] (9,10)
[54692,54692] (12,1)
[608292,608292] (38,5)
[482973,482973] (35,15)
[624622,624622] (3,37)
[454332,454327] (27,10)
[226761,226761] (20,17)
[367833,367833] (2,23)
[110032,110021] (14,16)
[211803,211800] (13,13)
[4596,4596] (5,31)
[193408,193408] (21,20)
[149368,149368] (0,12)
[516735,516735] (2,22)
[982262,982262] (20,19)
[704519,704519] (9,10)
[972337,972337] (13,4)
[489125,489125] (14,36)
[157095,157095] (12,3)
[402946,402946] (3,7)
[815982,815982] (21,31)
[519361,519361] (6,13)
[994854,994854] (23,0)
[449889,449889] (16,19)
[755573,755573] (30,23)
[112945,112945] (0,5)
[189158,189149] (29,37)
[180713,180713] (10,21)
[766180,766180] (37,6)
[217734,217734] (3,16)
[74215,74213] (6,22)
[146390,146390] (13,26)
[815675,815675] (27,18)
[452216,452200] (12,30)
[644965,644965] (10,5)
[285205,285205] (7,9)
[922157,922157] (27,16)
[987416,987416] (12,2)
[400536,400536] (0,3)
[469643,471458] (13,33)
