Start read graph
n = 1000000
Graph created
N = 1000000
E = 1.22951e+06
p = 2.45903e-06
THEOREM 1:
	n^(-1) << p <= n^(-5/6 - e) 	e = 0.001	[1/6 > e > 0]
	1e-06 << p <= 9.86279e-06 (OK)
pt = 1
ps = 1
r = 2
a_c = 82688.1: initial seed set.
------------------------------------
Generate G1
	generate subgraph
	V_count = 1000000
Generate G2
	generate subgraph
	V_count = 1000000
same = 1000000;  N * pt * pt = 1e+06
Noisy seeds are generated:
	before = 8; with generated = 1000
Start percolation matching
M <- A_0 and Z <- A_0
while M \ Z != None do
[13013,24906] (8,6)
[8358,8218] (7,32)
[23427,23418] (22,17)
[6528,6728] (19,16)
[23582,23584] (20,29)
[6781,6497] (35,7)
[6405,6866] (28,31)
[23247,23246] (21,2)
[13203,13193] (36,19)
[20243,20797] (18,7)
[20823,20216] (15,7)
[25175,12651] (14,18)
[8682,7897] (31,1)
[20895,20154] (17,22)
[6281,6973] (5,35)
[13391,13397] (37,25)
[7817,8743] (26,15)
[25304,12515] (18,10)
[25302,12527] (2,14)
[7184,6080] (42,38)
[7663,8910] (2,0)
[7735,8837] (22,28)
[25476,12337] (36,8)
[8912,7672] (34,20)
[7313,5945] (4,15)
[7509,9077] (20,13)
[7512,9054] (27,23)
[25477,12351] (19,11)
[12197,25673] (12,37)
[7550,9026] (26,2)
[24228,24237] (21,22)
[5860,7403] (14,27)
[24406,24386] (3,6)
[22550,22538] (21,3)
[13757,13781] (12,22)
[25859,11973] (33,8)
[13967,13960] (37,31)
[13998,14007] (30,39)
[14024,14005] (15,35)
[22270,22267] (23,10)
[21919,19119] (30,12)
[24768,24770] (35,21)
[22133,22119] (9,21)
[22047,19003] (27,18)
[11608,26251] (20,14)
[26319,11505] (36,32)
[26377,11451] (13,39)
[26461,11383] (19,23)
[11435,26427] (20,30)
[11198,26665] (30,24)
[11090,26784] (32,33)
[10999,26878] (5,23)
[10892,26979] (20,29)
[15051,15061] (20,12)
[15270,15270] (12,4)
[15378,15375] (34,14)
[27286,10555] (10,21)
[27435,10390] (12,27)
[27415,10425] (22,32)
[27552,10280] (7,32)
[10166,27716] (47,17)
[27790,10049] (9,8)
[16232,16227] (21,1)
[16510,16508] (25,39)
[16827,16828] (25,22)
[17013,17015] (5,9)
[17275,17247] (10,16)
[17644,17649] (21,6)
[17880,17882] (21,12)
[18291,18301] (22,35)
[18543,18549] (20,33)
[18899,18900] (4,22)
ExpandOnce: 
----------RESULT----------
ExpandWhenStuck results for N = 1000000; s = 1; nb_seed = 8
	common nodes count G1 and G2 = 1000000
	matched = 21117
	correct matches = 508	 wrong matches = 20609
	recall = 0.000508
	precision = 0.000508
	F1-score = 0.000508
	precision (correct+wrong) = 20610
	F1-score (correct+wrong) = 0.001016
