Start read graph
n = 1000000
Graph created
N = 1000000
E = 959472
p = 1.91895e-06
THEOREM 1:
	n^(-1) << p <= n^(-5/6 - e) 	e = 0.001	[1/6 > e > 0]
	1e-06 << p <= 9.86279e-06 (OK)
pt = 1
ps = 1
r = 2
a_c = 135783: initial seed set.
------------------------------------
Generate G1
	generate subgraph
	V_count = 1000000
Generate G2
	generate subgraph
	V_count = 1000000
same = 1000000;  N * pt * pt = 1e+06
Noisy seeds are generated:
	before = 2; with generated = 100
Start percolation matching
M <- A_0 and Z <- A_0
while M \ Z != None do
[34448,34466] (18,20)
[34452,34448] (32,21)
[33779,33785] (7,15)
[33551,33549] (41,8)
[33137,33149] (13,25)
[32840,32857] (31,29)
[32593,32606] (5,26)
[32317,32319] (33,5)
[31975,31993] (26,6)
[31666,31684] (7,39)
[31369,31384] (13,18)
[31088,31112] (32,29)
[30820,30859] (23,1)
[30494,30521] (21,2)
[30299,30316] (43,34)
[29936,29969] (40,16)
[29653,29673] (35,13)
[29442,29453] (31,14)
[29115,29133] (27,36)
[28767,28793] (24,10)
[28549,28582] (32,14)
[28184,28199] (12,15)
[27912,27935] (4,18)
[27624,27643] (7,27)
[27413,27437] (7,22)
[27056,27074] (4,6)
[26841,26876] (31,0)
[26461,26493] (3,35)
[26174,26201] (19,2)
[25898,25918] (35,4)
[25609,25637] (14,43)
[25293,25313] (36,7)
[25058,25069] (20,15)
[24723,24743] (11,37)
[24405,24439] (0,20)
[24148,24173] (33,5)
[23843,23863] (23,6)
[23566,23604] (16,15)
[23237,23279] (35,35)
[22951,22989] (2,28)
[22671,22707] (36,31)
[22416,22440] (7,27)
[22078,22107] (34,11)
[21758,21807] (36,26)
[21457,21497] (32,19)
[21186,21214] (11,12)
[20881,20919] (7,8)
[20586,20620] (16,3)
[20297,20345] (35,11)
[20035,20085] (36,31)
[19736,19767] (22,30)
[19410,19447] (6,26)
[19104,19136] (6,36)
[18832,18869] (5,13)
[18580,18607] (27,18)
[18251,18293] (32,14)
[17975,18010] (17,23)
[17674,17715] (11,13)
[17363,17411] (2,36)
[17078,17114] (26,16)
[16925,16981] (38,8)
[16479,16526] (8,2)
[16212,16260] (4,11)
[15931,15952] (14,3)
[15590,15625] (24,14)
[15294,15322] (15,2)
[14986,15017] (11,16)
[14763,14807] (33,17)
[14481,14542] (32,10)
[14126,14143] (12,15)
[13909,13911] (26,32)
[13530,13599] (11,34)
[13264,13307] (18,6)
[12980,13015] (12,15)
[12663,12705] (6,23)
[12399,12419] (22,23)
[12094,12118] (8,0)
[11753,11797] (24,21)
[11474,11489] (7,9)
[11142,11167] (30,2)
[10845,10874] (19,40)
[10555,10585] (6,7)
[10253,10290] (15,13)
[9981,9989] (3,26)
[9644,9669] (17,34)
[9370,9394] (4,0)
[9116,9139] (10,14)
[8782,8803] (2,42)
[8467,8496] (22,34)
[8191,8211] (25,18)
[7976,7994] (12,31)
[7579,7606] (2,38)
[7257,7285] (25,17)
[6968,7008] (12,19)
[6699,6723] (16,19)
[6501,6512] (7,42)
[6082,6118] (8,29)
[5783,5804] (29,11)
[5554,5583] (18,5)
[5241,5261] (10,16)
[4874,4901] (35,17)
[4726,4729] (35,7)
[4312,4347] (44,46)
[4064,4110] (38,15)
[3694,3708] (6,8)
[3426,3443] (8,33)
[3098,3122] (21,11)
[2785,2834] (27,30)
[2527,2535] (38,17)
[2175,2190] (27,34)
[1895,1927] (32,24)
[1578,1615] (8,13)
[1257,1293] (13,41)
[1042,1076] (28,7)
[690,726] (20,11)
[363,379] (17,6)
[36,81] (10,10)
ExpandOnce: 
----------RESULT----------
ExpandWhenStuck results for N = 1000000; s = 1; nb_seed = 2
	common nodes count G1 and G2 = 1000000
	matched = 34570
	correct matches = 110	 wrong matches = 34460
	recall = 0.00011
	precision = 0.00011
	F1-score = 0.00011
	precision (correct+wrong) = 34461
	F1-score (correct+wrong) = 0.00022
