Start read graph
n = 1000000
Graph created
N = 1000000
E = 1.56881e+06
p = 3.13762e-06
THEOREM 1:
	n^(-1) << p <= n^(-5/6 - e) 	e = 0.001	[1/6 > e > 0]
	1e-06 << p <= 9.86279e-06 (OK)
pt = 1
ps = 1
r = 2
a_c = 50788.9: initial seed set.
------------------------------------
Generate G1
	generate subgraph
	V_count = 1000000
Generate G2
	generate subgraph
	V_count = 1000000
same = 1000000;  N * pt * pt = 1e+06
Noisy seeds are generated:
	before = 5; with generated = 1000
Start percolation matching
M <- A_0 and Z <- A_0
while M \ Z != None do
[17185,17251] (20,29)
[17210,17229] (30,32)
[10205,9623] (28,0)
[17112,17305] (28,22)
[29782,20267] (31,9)
[29834,20230] (27,41)
[31246,30654] (6,10)
[10353,9754] (29,15)
[29955,20102] (12,12)
[17519,16920] (8,15)
[10428,9826] (7,30)
[30078,19975] (4,11)
[29021,21024] (2,37)
[30537,31365] (28,15)
[31473,30424] (39,17)
[28883,21164] (25,13)
[16558,17894] (4,8)
[30367,31540] (14,31)
[30333,31563] (4,26)
[17894,16559] (10,40)
[31751,30150] (21,24)
[9433,8854] (32,31)
[31805,30086] (34,1)
[31870,30026] (1,4)
[18108,16340] (42,14)
[18274,16183] (36,36)
[28354,21693] (25,19)
[11069,10480] (12,5)
[18447,16003] (27,2)
[28203,21847] (37,6)
[18533,15906] (3,8)
[28020,22022] (2,29)
[8666,8065] (17,25)
[11464,10873] (13,3)
[8553,7951] (20,21)
[11656,11061] (13,4)
[11721,11132] (18,26)
[27558,22474] (1,32)
[8314,7719] (43,33)
[8257,7691] (18,25)
[8101,7494] (25,2)
[19323,15121] (26,0)
[27298,22749] (7,33)
[27157,22904] (24,5)
[27062,22991] (35,17)
[12379,11764] (1,1)
[26924,23109] (42,21)
[12487,11883] (26,4)
[7549,6959] (2,6)
[20006,14442] (18,13)
[26701,23331] (1,8)
[7394,6804] (30,35)
[12970,12373] (24,1)
[7176,6581] (1,17)
[13046,12467] (9,41)
[7006,6407] (17,34)
[26291,23745] (24,7)
[6857,6272] (26,11)
[26106,23940] (19,4)
[6708,6135] (15,26)
[20773,13672] (19,5)
[13542,12947] (27,3)
[13620,13021] (22,12)
[25821,24215] (27,13)
[13713,13128] (28,26)
[6190,5600] (27,32)
[25569,24477] (22,28)
[25395,24658] (6,16)
[5842,5264] (40,9)
[5725,5129] (33,0)
[24872,25176] (2,36)
[24876,25159] (12,34)
[5260,4671] (12,13)
[5120,4569] (20,5)
[4994,4407] (20,6)
[24126,25916] (9,7)
[23993,26049] (40,13)
[23876,26163] (3,19)
[4366,3778] (32,21)
[4206,3643] (22,12)
[23443,26597] (21,15)
[3830,3251] (12,25)
[3705,3117] (21,5)
[23114,26924] (37,31)
[3361,2785] (15,13)
[3250,2681] (9,27)
[3151,2572] (36,41)
[22342,27676] (16,35)
[22254,27787] (25,4)
[2707,2148] (7,12)
[21894,28124] (21,7)
[21887,28140] (14,34)
[2384,1783] (0,9)
[2143,1550] (25,35)
[21276,28750] (18,36)
[1840,1244] (29,15)
[1568,974] (4,22)
[1212,623] (27,38)
[961,390] (29,38)
[625,38] (39,20)
ExpandOnce: 
----------RESULT----------
ExpandWhenStuck results for N = 1000000; s = 1; nb_seed = 5
	common nodes count G1 and G2 = 1000000
	matched = 29450
	correct matches = 17	 wrong matches = 29433
	recall = 1.7e-05
	precision = 1.7e-05
	F1-score = 1.7e-05
	precision (correct+wrong) = 29434
	F1-score (correct+wrong) = 3.4e-05
