1 574.0
1 1150.0
1 1068.0
10 2655.0
10 1838.0
10 2223.0
10 2121.0
10 2631.0
15 2736.0
15 2635.0
15 2596.0
15 2809.0
15 3246.0
20 3201.0
20 3214.0
20 3116.0
20 2867.0
20 3417.0
30 2828.0
30 3250.0
30 2950.0
30 2873.0
30 2794.0
50 3530.0
50 3484.0
50 3464.0
50 3418.0
50 3383.0
50 3470.0
50 3486.0
50 3201.0
80 3653.0
80 3304.0
80 3373.0
80 3402.0
80 3427.0
80 3436.0
80 3513.0
80 3563.0
90 3570.0
90 3461.0
90 3390.0
90 3580.0
90 3419.0
90 3425.0
90 3536.0
90 3582.0
100 3673.0
100 3442.0
100 3590.0
100 3556.0
100 3570.0
100 3515.0
100 3529.0
115 3579.0
115 3673.0
115 3529.0
115 3497.0
