1 0.0191637630662
1 0.00521739130435
1 0.00468164794007
10 0.0165725047081
10 0.0163220892274
10 0.0134952766532
10 0.027345591702
10 0.018244013683
15 0.0197368421053
15 0.0292220113852
15 0.0219568567026
15 0.0359558561766
15 0.0258780036969
20 0.0309278350515
20 0.0320472930927
20 0.0426829268293
20 0.0551098709452
20 0.0318993268949
30 0.0388967468175
30 0.0381538461538
30 0.0433898305085
30 0.0278454577097
30 0.0508231925555
50 0.056940509915
50 0.0861079219288
50 0.0793879907621
50 0.0611468695143
50 0.062370676914
50 0.0729106628242
50 0.0628227194492
50 0.0793502030615
80 0.104845332603
80 0.129237288136
80 0.134005336496
80 0.12962962963
80 0.119638167493
80 0.125436554133
80 0.150583546826
80 0.13696323323
90 0.143137254902
90 0.135509968217
90 0.135398230088
90 0.148603351955
90 0.145656624744
90 0.130218978102
90 0.100961538462
90 0.0982691233948
100 0.195752790634
100 0.199593259733
100 0.199442896936
100 0.184195725534
100 0.13781512605
100 0.15533428165
100 0.0986115046755
115 0.197261804973
115 0.204737271985
115 0.156418248796
115 0.11695739205
