1 11.0
1 6.0
1 5.0
10 44.0
10 30.0
10 30.0
10 58.0
10 48.0
15 54.0
15 77.0
15 57.0
15 101.0
15 84.0
20 99.0
20 103.0
20 133.0
20 158.0
20 109.0
30 110.0
30 124.0
30 128.0
30 80.0
30 142.0
50 201.0
50 300.0
50 275.0
50 209.0
50 211.0
50 253.0
50 219.0
50 254.0
80 383.0
80 427.0
80 452.0
80 441.0
80 410.0
80 431.0
80 529.0
80 488.0
90 511.0
90 469.0
90 459.0
90 532.0
90 498.0
90 446.0
90 357.0
90 352.0
100 719.0
100 687.0
100 716.0
100 655.0
100 492.0
100 546.0
100 348.0
115 706.0
115 752.0
115 552.0
115 409.0
