1 0.00272345
1 0.00148552
1 0.00123793
10 0.0108938
10 0.00742758
10 0.00742758
10 0.01436
10 0.0118841
15 0.0133696
15 0.0190641
15 0.0141124
15 0.0250062
15 0.0207972
20 0.024511
20 0.0255014
20 0.0329289
20 0.0391186
20 0.0269869
30 0.0272345
30 0.0307007
30 0.031691
30 0.0198069
30 0.0351572
50 0.0497648
50 0.0742758
50 0.0680862
50 0.0517455
50 0.0522407
50 0.0626393
50 0.0542213
50 0.0628869
80 0.0948255
80 0.105719
80 0.111909
80 0.109185
80 0.10151
80 0.10671
80 0.130973
80 0.120822
90 0.126516
90 0.116118
90 0.113642
90 0.131716
90 0.123298
90 0.110423
90 0.0883882
90 0.0871503
100 0.178014
100 0.170092
100 0.177272
100 0.162169
100 0.121812
100 0.135182
100 0.0861599
115 0.174796
115 0.186185
115 0.136667
115 0.101263
