1 0.00476913624085
1 0.00231258889713
1 0.00195809650388
10 0.0131461114779
10 0.0102092894299
10 0.00958160241932
10 0.0188311773465
10 0.0143927817912
15 0.015940926746
15 0.0230745997666
15 0.0171816096508
15 0.0294976707517
15 0.0230610677986
20 0.0273480553566
20 0.0284020642748
20 0.0371767721587
20 0.045757316784
20 0.0292382103719
30 0.0320373046685
30 0.0340238909425
30 0.0366289799762
30 0.0231481598317
30 0.0415629911008
50 0.0531113791821
50 0.0797554104704
50 0.073304034946
50 0.0560547245144
50 0.0568580172264
50 0.0673858227135
50 0.0582059559147
50 0.0701657749983
80 0.0995840099142
80 0.116301095602
80 0.121964448398
80 0.118532194892
80 0.10983107407
80 0.115317970077
80 0.140095331476
80 0.128387274616
90 0.134314365668
90 0.125066753119
90 0.123569799612
90 0.1396510014
90 0.133547958395
90 0.119506748842
90 0.0942574172677
90 0.0923763371473
100 0.186462458116
100 0.1836655146
100 0.187705033771
100 0.172481978747
100 0.129320355618
100 0.144559187821
100 0.0919661502451
115 0.185350631011
115 0.195020911911
115 0.145877098189
115 0.108545826354
