10 3.99999200002e-06
10 4.3998196074e-05
10 1.99997600029e-05
10 4.39916415881e-05
10 5.59802949362e-05
20 5.99998200005e-06
20 5.19962562695e-05
20 5.59948484739e-05
20 8.99847026006e-05
20 8.19822098605e-05
20 0.000157562449079
21 0.000157955614472
30 7.1997264104e-05
30 0.000109972177039
30 0.000111972118942
30 0.000219426200486
30 0.000217348606227
31 8.39940364234e-05
31 0.000165970789141
31 0.000109984602156
31 0.000265370276334
40 2.99995500067e-05
50 0.000372720079248
100 0.998154860659
100 0.998170922926
1000 0.996947526576
